# The number of letters
26
# The number of states
45
# The initial transitions
0.00535391096822
1.17486310616e-82
0.0613777937441
0.000488029445053
4.05198717572e-18
2.28528982358e-32
6.98764329698e-08
0.0240442778025
0.0187962022993
0.110349353077
1.79314599948e-132
0.031457700181
0.159433655031
0.0874844224213
0.0680256943387
4.70287473496e-18
0.0140885875714
0.000245290884115
6.55970291854e-93
0.00010425889956
5.45966174252e-12
8.12776609631e-12
0.00189267167499
2.83655117954e-12
0.00200475518862
0.0066279828894
0.0122467831802
0.000260515408389
2.56419830869e-21
2.85668605006e-05
0.0198333065319
0.0345973774316
5.01392017998e-36
0.0458608968359
0.0290614702747
0.0170875324664
0.0305942691558
3.51532838393e-22
5.3700648095e-28
0.0655459788054
0.00912387517562
0.130873077973
1.90909976005e-13
4.97894867404e-10
0.0131116930933
# The internal transitions
2.04376639078e-12 1.28642415487e-40 2.73559403811e-35 0.108880792284 1.11050784528e-45 1.13743674154e-112 9.43633468532e-12 2.42848675365e-11 1.59396828891e-11 4.65356499625e-30 1.47451740933e-103 8.65809134604e-164 2.05366969361e-16 1.03255659503e-34 4.94843825743e-15 6.67919983219e-15 0.219721957405 5.31158769253e-06 8.87961210113e-12 0.349779440736 6.19584178647e-16 1.20485569589e-17 1.33925479942e-09 1.24162801208e-63 0.0719251523199 8.69793743356e-07 0.00317752737471 4.82182425352e-07 0.000199045320159 0.0635307020348 8.51154490222e-20 5.72754846827e-08 9.0138808944e-126 3.52795467567e-06 3.23145805891e-92 1.80983616822e-17 2.17524630506e-37 4.06551332797e-14 2.48039878372e-27 0.00337067204189 6.97368516484e-34 1.50170185052e-12 0.179404460153 6.61657744337e-125 1.34988833325e-10 
0.684215992479 1.48450558286e-23 3.04479018979e-27 0.00197704036602 1.54654999087e-35 9.06566694939e-87 2.12393263467e-15 8.01303412704e-26 5.76037436125e-14 5.37460652761e-19 6.66306890805e-96 1.13640729218e-124 7.29728869689e-12 3.13988259754e-21 0.046108019508 5.72439154934e-11 7.73515140036e-10 5.83401947942e-13 0.01784819296 2.90406909937e-17 1.7075641045e-05 8.77946578204e-24 8.59480980937e-24 4.61004588484e-51 1.27468497355e-11 0.00341917026325 0.00898338713015 2.0226932773e-12 0.0774662505542 1.84231171075e-19 0.000368149809888 2.97500297109e-21 6.85107680222e-85 0.148492181479 3.5843721761e-131 6.2832613497e-35 1.63545136371e-08 0.0110995266143 1.71218488467e-19 1.28050160561e-06 1.87585558183e-25 9.19966795103e-09 3.70628577368e-06 3.63309242182e-123 4.38899253033e-27 
2.39682018125e-179 6.26354954852e-123 7.76642201184e-107 0.0594015762956 4.69626153202e-15 1.38036066018e-97 0.0147437492508 0.0495042482547 0.0196851612336 2.60138603645e-67 1.72797918574e-148 9.71364065755e-29 5.36050537252e-52 2.12972673412e-152 1.5813913994e-101 3.73553855596e-140 1.08132414934e-08 7.84529075561e-13 2.6797218381e-124 0.0476281007371 1.05647736422e-109 1.3376068119e-25 2.66861441105e-10 1.08650131629e-39 4.33717666863e-05 0.0616992443839 4.54113931638e-05 0.110665592069 1.03172673679e-27 0.238375801858 3.82809758263e-90 0.211891212389 3.25079145429e-64 2.50484028876e-75 1.02842486461e-22 0.00571118942701 3.616057753e-103 1.69180225316e-157 8.28276709006e-30 1.39377205326e-06 5.95443225953e-74 1.22780024832e-64 0.0614183564836 2.33938849966e-29 0.119185579605 
0.238831343247 0.0047332739054 1.86757908322e-22 6.01514476252e-50 2.87901337571e-16 1.41897207389e-09 1.02338298351e-40 1.77682405735e-131 7.76704319857e-62 5.21112136679e-09 0.00390232351727 3.63182241865e-84 2.82883887244e-20 1.83730963469e-07 3.27072641302e-09 0.174875690105 1.01536101436e-61 1.4764121585e-17 2.79128277443e-31 7.95600220102e-127 0.000302358678804 1.10008830018e-69 1.7906335322e-53 1.81656669651e-13 4.13989806645e-44 3.53020042815e-61 7.75313576234e-20 3.08433080524e-56 1.40162614044e-72 5.16503740237e-21 0.243154435824 1.28115919608e-102 4.63419336526e-08 2.28301643458e-06 7.59333581155e-27 6.11463654414e-105 0.249535003975 0.0846630428528 4.90023049124e-09 7.53895716555e-53 3.87059530319e-12 1.8889631067e-21 3.69113916253e-129 1.31334857521e-126 3.01528124658e-130 
6.6522891733e-17 9.91784427512e-24 6.20039009712e-26 1.33206125652e-06 5.49389671359e-06 2.47191572516e-110 5.51497351087e-15 5.9797062641e-13 2.11860763324e-11 3.20847672497e-20 1.42953014072e-61 7.19535685765e-49 6.19963869462e-34 2.52579044037e-10 6.92031221341e-55 1.50932049157e-44 5.024846742e-05 5.14115794898e-23 0.0389805351811 0.554986085245 0.108112466261 5.28713066308e-09 4.10946987907e-15 4.37888647238e-32 0.0502973768567 8.78439306353e-07 2.69069635213e-17 6.64479656607e-13 0.000104189461968 3.02266045202e-13 1.41984701888e-22 0.000303798660356 2.6540518189e-37 1.18838448771e-32 1.87359242382e-08 0.123962106795 3.74013071688e-08 0.00353144914656 8.11915124744e-26 1.17813637274e-10 0.0953270158071 2.42185924135e-09 0.0242148880313 2.81086712472e-42 0.000122071449076 
2.66247971091e-70 1.75174195436e-102 9.10127563039e-33 0.0457602685758 4.32603952301e-06 8.82852160045e-09 1.22315757434e-16 0.0488393947571 1.28132099508e-27 0.187684295083 5.13481421358e-136 0.0577190794056 1.67220918009e-21 0.230368249513 4.51699323375e-102 3.99510876737e-15 0.0326131577754 4.75251059403e-89 7.51953837372e-98 0.0323013444408 3.67411872912e-40 1.01544702868e-98 2.221362104e-43 0.130409875927 0.149295052385 3.68259469902e-21 5.50924077737e-38 1.12133895932e-12 5.79927186079e-87 7.94820910812e-30 5.58929493584e-08 2.66665083195e-09 1.43110569236e-24 0.028445807332 3.98604431707e-32 9.17741487648e-54 4.09841149045e-100 6.61495312761e-77 6.81468059281e-118 1.4012553629e-15 0.0565590813756 3.16246873268e-21 2.45394894482e-68 2.66649679024e-86 2.55876734229e-13 
0.0777908054809 1.66004692981e-06 9.31373198368e-12 2.39696599486e-71 6.9144668463e-06 9.1033925497e-86 7.77277892763e-65 1.67416742766e-06 3.5128388373e-78 1.15692102972e-10 0.0862684393077 3.82201557582e-91 1.82600713457e-27 0.00721208472113 0.203253184764 9.23872649254e-12 4.38123526048e-49 8.41291553283e-90 0.193188483023 0.0122806775938 1.20599715102e-10 1.12998093996e-103 2.59165970082e-101 0.231731215189 1.51974237022e-59 1.02606745824e-09 2.86946078832e-72 0.0229536993721 7.10567302258e-54 3.96732630008e-16 0.00851614103046 1.59799626978e-40 0.0753368372826 0.0204802339153 5.38536195397e-05 4.00095632938e-66 0.0343150419878 0.0266087913049 2.15050389733e-07 2.07294636477e-46 4.63952690326e-08 5.96609871455e-18 1.10309067732e-70 1.47937684879e-172 7.11975918291e-26 
0.000605550082583 0.0350711565423 1.49597448828e-16 1.11909979828e-22 0.866206529174 0.0260332850013 0.00284220132461 1.20460358438e-132 5.27926338767e-24 7.83187778141e-09 2.61041368459e-05 2.64961658347e-18 2.73190379016e-25 2.10115335472e-14 1.30053810927e-18 0.000143631156684 1.92765568295e-33 3.25266106634e-11 4.10597686738e-05 7.51881120003e-141 0.00109351147282 2.08722672369e-15 0.0367992109543 3.52449374081e-06 4.68169743987e-30 9.3835635686e-28 8.46679283868e-15 1.97872442583e-09 1.30618820786e-25 5.52497103365e-10 5.49681118638e-05 1.80818192e-86 0.00157631885652 0.000260980121387 9.6507563492e-08 2.70827927214e-55 7.067432799e-07 5.23511325882e-09 0.0292408973886 1.8287283177e-11 2.52513734401e-07 4.65080198373e-16 8.71247562786e-41 4.09902329581e-21 4.27940381761e-115 
7.87343984193e-10 6.49276276814e-05 5.35772527493e-22 2.94555884191e-53 0.000294226048531 0.0704992253129 2.29709688437e-62 2.13102274766e-47 5.14910345171e-90 0.0138935370448 2.16709664987e-06 1.55616857891e-76 1.50064430844e-14 5.24851547754e-18 8.1581457793e-08 4.14227702742e-12 0.0519557231484 0.542416128898 5.22462370904e-40 9.31014889056e-21 0.000208947509987 1.11725056466e-61 7.50066237724e-35 0.0545654856993 6.96863472984e-34 3.37834531545e-40 3.69415261543e-13 4.89190749851e-37 2.13279398921e-25 8.23082801392e-06 0.00039213663573 1.47545810971e-23 0.000369460209526 0.0474204312187 1.12304668756e-09 3.56758926457e-53 0.0605442128973 0.133672327225 0.0236927471277 1.2974884835e-72 1.97484719773e-09 1.27692868018e-14 4.10086090676e-60 2.06618843337e-89 8.17143510815e-32 
1.32175484036e-74 5.67426008314e-105 4.96597973214e-86 0.0183721306644 1.76614760647e-48 7.97808415382e-107 1.18369267065e-13 1.18058137209e-05 0.121502487184 1.02471287408e-67 6.82246241731e-148 1.32872452211e-11 2.10817654112e-44 3.11016061335e-71 4.11457071568e-67 7.71599267821e-71 0.0581967707072 0.0302359142983 4.05841209809e-83 0.00703168066436 1.3661231358e-59 7.76854493713e-18 0.0117818290755 1.00636683538e-82 0.0705224157191 0.000107219844868 0.190280175401 0.00182688711323 1.86141037691e-41 0.0923595569867 6.23955928231e-70 0.000410999641055 3.90077798249e-86 7.19282392787e-55 5.58951504003e-83 0.00149624530771 5.4349891304e-93 3.99444837827e-67 2.81378232624e-29 0.0834756685242 1.56786582259e-48 8.85299046635e-59 1.16042148849e-11 8.92384435328e-14 0.312388213029 
2.36089749174e-37 9.61456114755e-49 0.860625201693 1.16478130703e-40 2.16136403997e-88 1.94569258093e-77 3.10609001198e-68 6.75242522952e-71 1.93416224072e-56 1.20663217539e-26 5.09525103546e-12 2.26938165702e-76 6.64965480241e-07 1.92732618825e-20 4.74050092714e-26 5.17909487455e-33 9.55649754379e-60 5.27104174962e-54 3.61892510154e-46 2.14417069817e-58 0.0239254377664 1.89549267485e-59 6.44158244204e-69 2.26630349252e-81 6.9365130045e-40 4.92870726138e-54 2.71259485467e-57 2.54463770562e-70 1.5305105679e-40 1.4333344453e-59 0.101644568005 5.25850850761e-59 1.14887057057e-103 0.0137271617717 9.71530533641e-148 1.05820837611e-65 7.69657930978e-05 4.99149684225e-34 2.14856756209e-45 3.87900717105e-55 2.97592591781e-48 6.7093773555e-13 8.00342660949e-44 5.9239533025e-84 2.11567221181e-59 
1.00026400559e-197 2.72433001717e-128 3.75044264219e-130 0.216165870586 2.65468862979e-78 1.00135072557e-225 2.80076818259e-13 0.0316619625983 6.01014862053e-12 5.41690215671e-97 1.29191007267e-219 8.72118809252e-76 1.03214007468e-115 1.85943454397e-133 1.08674027125e-189 2.87125970559e-152 1.83900091904e-05 0.197552207092 0.156819923303 0.11691328663 1.87780818205e-154 4.78764742136e-23 0.0391738550635 6.29610446275e-68 0.00186958820452 1.01021511832e-09 5.20780114046e-07 0.00123810021642 3.32051738447e-36 9.87828857889e-15 2.81036232633e-129 0.178669327298 6.01499770725e-115 4.38411507873e-111 2.5585225403e-42 3.64654009384e-13 1.11759741553e-166 1.83848324282e-173 4.94642768249e-43 1.14262162152e-06 2.49900757694e-87 2.00182217934e-88 4.35776721395e-17 1.27542584894e-78 0.0599158245802 
5.32661738646e-114 9.61731184457e-97 3.2377173852e-114 0.0209783790878 7.65025265043e-23 2.39128667137e-98 1.93447414496e-12 0.0477829752095 4.61737654846e-13 1.98263061237e-22 1.39871252502e-110 2.87685127348e-50 1.07488684022e-88 3.81753870447e-183 5.35720756397e-229 6.0420985e-115 7.48540925618e-10 4.67024998385e-16 2.51534079354e-10 1.04785022854e-07 2.41989338422e-106 2.06053273519e-25 2.27497307589e-05 9.86994734479e-24 0.00135791705907 0.239693980988 2.41135643123e-18 0.582481568906 1.4179747071e-35 0.0011792473692 1.14648537739e-144 0.000883854143552 1.14869490952e-69 1.00117824678e-102 0.000107065378599 3.57710688334e-11 1.56164890598e-112 1.35641439854e-114 2.96087547163e-51 4.74513595017e-09 1.02854410323e-05 3.33943334764e-27 3.68334722133e-10 4.05812417026e-54 0.10550186575 
8.19528995931e-226 1.20566097068e-113 9.41779733709e-115 0.000176272108099 2.57789136515e-10 6.53056149538e-153 6.33374150566e-07 0.108810675808 2.18507400148e-10 4.97036343494e-32 1.31721119888e-169 2.61371753438e-51 2.42642437065e-86 2.9700148459e-153 2.35057220671e-163 5.75159469847e-165 0.0610172802711 3.48583780026e-27 7.97923944244e-88 0.0262704993247 5.00920537834e-129 3.00569813467e-11 1.04237782086e-14 1.88360982791e-13 0.0229397943723 3.75276096003e-08 1.38285916654e-24 0.0468404806924 1.57189837086e-36 0.00871836575642 4.60182323698e-121 0.0966204184085 1.62886804879e-57 5.36445943897e-121 0.293877736882 1.03434473034e-19 8.66867614441e-119 2.19024396799e-186 1.49774085254e-44 0.267399532958 0.0129910976157 6.44465751945e-41 0.0473514822725 8.90263415913e-54 0.00698569212152 
3.41189211678e-49 3.55707506878e-87 8.77177864765e-123 8.73585638438e-05 1.45945335045e-20 4.21661831401e-210 2.89003301333e-33 0.0644647220098 8.69485956663e-35 3.59335189773e-20 2.053755621e-229 2.30113059634e-91 5.27447866386e-105 9.98408918423e-182 3.01744750441e-277 1.33588079077e-75 5.69207819305e-17 3.1463635416e-34 0.400886620777 0.0640480989967 4.77066845378e-282 6.04436287765e-58 1.28047306307e-13 3.21476742228e-10 3.848423119e-10 0.0126969131721 1.22407391702e-34 2.79056506412e-07 4.30819759184e-30 3.2052809271e-06 2.55395497686e-86 0.000381434754201 3.41303999871e-52 1.23137878105e-90 0.0490221282371 3.04689495382e-21 3.86388039903e-119 1.62643206082e-275 1.96799506789e-90 1.25259998598e-22 0.352622976229 6.42421954014e-41 6.75393969541e-52 1.64072655301e-227 0.0557862622164 
5.91572333189e-35 1.68004427283e-66 5.88140301894e-56 0.077430339745 3.41487414348e-10 1.28073910666e-79 1.14220825514e-12 2.21464257487e-10 1.153012912e-20 9.55051322914e-15 1.70693907416e-128 3.46604546562e-19 2.02528795919e-36 5.69466773297e-06 2.31235772962e-39 1.76121425329e-18 6.68602227109e-08 9.0973414764e-15 0.0251200957672 5.21529466036e-08 1.01496880812e-46 6.20070333578e-40 1.31333057635e-20 7.93458507272e-08 0.262319983811 0.000138187249394 6.51705499012e-12 5.34818623944e-07 0.274623438505 0.100956498038 7.06353662712e-26 0.0011461834334 3.20825269146e-28 2.03543388994e-37 0.258245161526 2.38992612082e-19 8.5323428136e-62 1.80529780393e-46 4.97524253292e-40 6.94214653017e-06 6.51537294136e-06 1.92764294193e-24 8.40527999824e-16 3.09187616288e-20 2.25988741941e-07 
0.211994960476 0.0309952965868 1.83242101947e-17 1.21918844635e-24 2.13666504411e-07 4.04850464333e-15 6.73290572008e-14 1.32460560366e-120 3.43215969223e-32 1.39720084527e-09 0.0031633987104 2.79995442238e-24 2.00147671602e-24 1.11212267778e-26 1.46364205238e-13 2.11013654085e-08 9.01164004626e-41 0.0988144814038 3.92701240697e-30 4.90115707344e-166 0.0731203747208 4.4564855249e-42 7.55903532727e-15 2.96422453871e-10 1.70925363027e-29 1.14200121065e-35 2.19180189586e-15 1.36056100289e-19 3.48897930199e-41 1.29446251721e-10 2.28830026641e-13 2.81638359209e-88 3.36966045108e-07 0.00562249464388 3.14683303098e-15 1.16112494631e-73 0.447068018532 9.19553640763e-06 0.129211205832 6.21561411028e-17 2.02019748425e-17 2.08043815289e-23 1.17993504627e-52 5.97926482152e-28 5.00455703747e-113 
0.0933926894003 1.77512205268e-06 8.94076729895e-30 3.7809031474e-41 1.21889479392e-05 0.0425142057196 1.03826909889e-24 0.0425378973416 1.02699957178e-49 2.2050347058e-06 6.45624001475e-07 1.73305251691e-78 3.68169624132e-15 1.41078554877e-10 0.0211125259595 0.0133848817594 8.2670205359e-17 1.2815282831e-194 0.0278184796954 1.46406185793e-14 6.98904007806e-10 2.23043929712e-123 1.47927752098e-54 0.169033585232 4.64850902723e-29 6.8118123591e-28 1.31420948809e-65 9.33476670676e-05 4.06027333682e-55 1.33892130817e-48 0.0134106254652 5.88191135708e-16 0.00111827619719 5.12954893181e-24 1.23227172737e-08 6.67798728821e-20 0.511777851761 1.8097765413e-23 0.0232891490146 2.87983873185e-22 0.0404996568951 1.12509575426e-20 1.54652199636e-55 1.4124957001e-122 1.74047125246e-14 
8.39142424362e-199 2.72356429153e-146 1.20803526726e-31 1.80715602726e-13 7.09119790121e-113 2.62572770418e-233 1.99678524625e-11 3.68883315917e-14 1.60224996133e-25 3.20270852974e-147 2.95544361897e-22 1.66698669517e-149 1.11511428594e-114 4.06420120802e-160 4.66860950557e-162 8.38195030952e-153 0.283225604157 1.55316491052e-13 1.30995929524e-136 2.09612586771e-09 6.9872788365e-118 1.19909916916e-49 8.18935731905e-22 3.12620095629e-147 1.05305180644e-08 9.02107505585e-10 4.15410211089e-15 1.53468126092e-09 3.95413481552e-35 0.202395223099 1.99535613169e-106 0.030219505224 5.52030464305e-141 1.86787310956e-84 7.17630124945e-128 4.23469185445e-24 8.45151728324e-142 3.35062346769e-174 8.82852557049e-44 0.278646898854 6.18658615317e-123 8.42327782684e-78 1.41360113217e-27 3.71728791604e-154 0.205512753583 
0.02327634172 0.184650852458 4.43118155552e-10 3.55833760549e-27 4.90101257011e-11 7.68282507577e-25 3.52644574175e-07 3.59149995139e-156 1.30950937819e-32 4.15001009425e-15 0.387138800992 2.3856918571e-70 4.98281778359e-26 0.010478583586 1.50589002468e-15 4.84161703209e-05 7.31236510184e-35 0.0103839325665 2.08582688038e-15 8.89426224937e-282 0.00936806159813 4.35022112636e-41 4.28180961181e-17 4.58456000826e-14 2.4359258309e-25 1.39257844235e-43 1.72110856442e-22 1.08785768799e-24 1.09999838508e-53 6.45351808337e-26 0.00245746631017 1.11065273768e-90 1.17084279419e-13 0.0406348842998 1.60224939064e-14 2.68962430695e-79 0.053929241875 0.275394241347 0.00223882321058 7.29801559401e-10 3.16605754405e-18 3.18045355295e-16 2.45215833421e-88 7.21616456582e-77 1.09719760927e-204 
1.51735724075e-295 2.31590680606e-68 1.16465522873e-61 2.28733260015e-49 8.20203357301e-77 1.12389386193e-269 1.23772720163e-20 0.0107838263295 5.67254691717e-39 3.8756021611e-72 5.44040633385e-177 3.23551310646e-06 1.19932942126e-41 4.38145735938e-87 2.38515047934e-283 6.59439156129e-160 1.43052613201e-09 1.47558523681e-103 3.10962279027e-120 4.10803124521e-06 1.12324170929e-10 4.92705810398e-131 7.7071321758e-30 7.81977472769e-32 9.11687045098e-25 6.63150265397e-19 2.85813047502e-48 0.0142509574258 1.41964327305e-88 1.03510982876e-25 7.56817141191e-172 0.0025686021628 4.49200143213e-112 3.29556133826e-200 2.5584186348e-12 0.000207847045126 5.37118292093e-05 8.37157386213e-74 4.56447558021e-121 1.12094500715e-09 2.6872607688e-111 8.73754505332e-46 1.09228284761e-44 0.972127705271 3.72574617172e-09 
2.2549451958e-05 1.65290107142e-08 6.64221202449e-19 0.357776777025 1.56448231918e-25 1.34840438025e-34 6.16653972318e-12 4.48900833656e-16 9.07023988266e-29 6.75900282399e-09 0.111348984617 2.05980005449e-41 2.81347309235e-41 5.85555647062e-55 6.98479698309e-54 2.79889771406e-26 0.147872740019 2.93950776865e-13 9.73428068472e-93 1.52614166565e-20 1.59316106776e-51 1.46641839282e-55 9.20242120572e-29 1.24487022954e-21 0.382538737271 8.41240272155e-22 1.20199303534e-16 3.11756564318e-09 7.51276116962e-14 1.38879830196e-07 4.01945495072e-33 8.9025574562e-21 1.02120240265e-23 1.84657142717e-31 8.6821117573e-25 9.26403031196e-49 5.28345207488e-40 9.47821065031e-12 0.000424640162598 1.54061524242e-05 9.77018092236e-21 4.8872268518e-37 3.1340662784e-80 1.46733907742e-83 1.02484206253e-28 
0.102330205876 0.000129920877939 8.83684324377e-21 8.35199738875e-73 7.06232630184e-07 4.44066611578e-35 3.13526364805e-64 6.22896404553e-35 1.05912663474e-81 5.80320610804e-09 0.0254190066308 2.52013401839e-72 2.02962136646e-26 4.22099724462e-28 0.157233091221 8.36326972106e-19 2.63138355254e-37 1.69402600148e-58 4.24745106213e-29 6.99189075588e-31 1.60554058599e-08 2.66752859477e-98 9.56432138097e-73 0.221450647697 3.20666773087e-60 2.34757180723e-37 3.40973857411e-68 4.759046454e-31 5.34589673267e-42 1.54345631176e-36 1.32105997976e-06 4.45953231728e-48 5.62722411944e-07 1.09142970109e-12 0.248202308452 1.47655828168e-71 0.12689349123 0.118338699399 1.5681452783e-08 4.61884090871e-60 1.05893830734e-09 4.84778339313e-28 1.78139663472e-75 9.17492743898e-118 3.78799026295e-45 
2.01372552116e-20 1.15631201791e-28 5.665060566e-30 0.451474829734 1.36023368702e-14 1.29192082155e-100 4.87212796536e-14 1.00325614428e-23 1.25904121123e-10 1.52125326338e-22 6.15084383411e-113 6.18641755769e-20 5.07844190927e-26 6.30430780544e-34 5.7645885466e-39 2.86750208846e-12 4.48984713213e-05 5.46074619697e-08 1.2523420001e-05 1.14960421985e-11 0.099208924525 0.063968944143 2.83669339386e-10 1.84695974471e-30 0.00295852166292 5.10257873163e-13 2.19812369113e-06 2.0932898374e-15 0.142058345253 0.0572557937253 1.6211579141e-05 2.73446436051e-14 9.59771412628e-31 0.00309352619743 1.17400021975e-48 2.09294087296e-09 3.15316934335e-06 9.46687520911e-18 5.9448067691e-23 6.44425870715e-08 2.64329265122e-05 1.63690757769e-17 0.179875575502 2.8623149372e-36 3.88702321677e-14 
0.0455858772954 0.740873595863 6.36002228851e-28 7.11534264939e-18 8.93693713363e-07 0.0293581205822 2.37140034187e-11 5.18437818333e-38 2.63428718344e-32 3.34902486632e-08 0.133359647027 1.72162870582e-42 1.82754742071e-17 3.64370358439e-17 2.9448216427e-11 5.22155158796e-06 3.62678490464e-24 3.6708492833e-17 0.0053145927598 7.17624821033e-37 0.0451569352339 5.57161212489e-61 4.35979937964e-34 1.92013929191e-07 3.31039579179e-23 1.27080766967e-38 3.07321929979e-17 9.72282249713e-24 2.81437873427e-57 1.0619227149e-20 0.000219184713855 3.1182560822e-35 7.05460374856e-05 3.76062955907e-11 2.28692601187e-11 1.48443858142e-37 3.88645130455e-06 5.53729759467e-08 5.12177839305e-05 3.96523452453e-22 1.59974020874e-11 2.44123103132e-22 4.26248454221e-63 1.04840316218e-70 4.69943240002e-39 
0.0163956481826 0.162085684498 5.91996110473e-36 5.79264508906e-29 0.0857674661758 3.17742634919e-29 1.47947518541e-16 2.11646235419e-69 9.93499183785e-39 2.42585469723e-13 0.0362614999358 5.5286208508e-33 6.76939498303e-36 0.0115342584251 4.58487233228e-38 3.63464664748e-10 1.36562841409e-37 3.35233114109e-10 0.0212681510212 8.12086550857e-70 3.8600245701e-21 1.60125918706e-66 9.25265775654e-48 0.1342105473 8.94203019281e-38 1.48683066718e-60 0.0054602454999 9.14122877574e-37 9.40075698938e-47 4.42687789335e-40 0.000695635261377 2.6037235776e-65 0.420365799459 6.92481504119e-19 0.105955056347 2.00126374162e-69 1.84045510808e-13 4.21619370387e-18 1.39756409165e-12 1.69121500607e-29 7.19337741472e-09 1.82569147386e-17 1.12202487799e-84 4.61291633402e-72 1.16543259972e-74 
0.0680943366549 0.0280121728247 7.89239104146e-29 3.44808384544e-36 0.00481872321406 0.329745176276 7.04397143201e-18 4.90506568268e-26 1.50150481549e-21 0.0619019132512 0.0818045787423 1.97292265907e-63 2.40447720256e-20 2.53834867126e-08 1.95504768107e-08 0.0600573303159 1.81950169946e-18 7.30312858602e-29 1.40489428627e-54 1.35333944108e-33 0.0419731778143 3.53362605321e-46 8.53607815077e-21 1.30432652656e-05 4.85335643371e-11 1.00821367724e-07 2.06236383636e-46 1.95923138905e-11 1.51957690084e-53 4.82169116108e-28 1.0396802386e-06 1.33200315746e-30 1.01217957028e-12 4.18871016668e-08 6.10844599755e-13 4.95931679732e-44 0.000119836190231 0.111163868359 0.212196603445 1.31418672201e-14 9.80122418492e-05 1.38359999791e-11 1.27770297682e-13 1.76009104874e-88 1.00815355364e-21 
0.000133001446774 0.0489649913918 1.04537157447e-32 1.30258268891e-42 3.07422980639e-08 0.0368122246642 2.25462822496e-27 2.01584737326e-99 5.85345377253e-44 0.000566657097269 7.88961933707e-16 4.59484518637e-33 6.81260543004e-18 0.00451400489386 3.01402821871e-25 7.27435285051e-14 1.56617843573e-27 5.46924803449e-18 0.000565080556911 5.55874071204e-54 1.03361387778e-22 9.44801908261e-40 5.13169231708e-25 0.612621960252 1.37808574028e-48 2.71229082042e-49 1.30189024547e-22 6.78414842046e-32 5.41632041235e-34 2.85105338447e-26 0.0664089089859 3.35295589559e-75 0.21439945111 1.00276758003e-10 4.87425457508e-05 2.37037710063e-70 1.27946615024e-17 2.52177629764e-18 2.46970648942e-09 7.217830826e-34 0.0149649437433 3.19313575875e-15 5.59939232735e-60 9.59093530269e-68 2.81084362285e-66 
5.73027261879e-07 6.56216828617e-06 1.23239887343e-60 3.84930605098e-09 9.17428398285e-07 1.3645372491e-16 4.3707009234e-14 5.43972204574e-05 7.63145923007e-35 4.38313156742e-05 1.95614277387e-41 2.69916674996e-83 7.79234461599e-36 2.99865369642e-55 2.30818142416e-33 1.33556759906e-14 0.00247634715543 2.19715231522e-58 7.35892037257e-22 0.703927464407 2.0003538452e-38 1.31472222007e-84 8.1365814676e-41 1.39126458421e-05 0.000220746792358 0.0726558485889 9.98577590145e-33 0.0273276553196 3.29636551602e-44 2.54602745453e-25 1.7726465725e-18 0.157634114518 1.66151930534e-07 4.70143410293e-17 0.0356361656932 2.16945793728e-12 9.80386572186e-26 7.96003371368e-18 1.19989125545e-12 4.37642240296e-10 1.72109295152e-07 1.4246174826e-28 1.12659068408e-41 1.38580702081e-224 1.12116744749e-06 
0.00908001790338 0.563390223418 5.76514804192e-36 5.40572306314e-33 0.0354927961567 1.33069255981e-07 3.71824981953e-30 9.73073618172e-45 2.28976977184e-54 2.24128746251e-05 5.83859463754e-15 0.0170388951798 1.35454442029e-14 3.40788267081e-14 1.553665756e-15 2.83426182148e-14 1.14069076193e-31 1.02803396824e-32 0.00487503659262 4.61366272789e-38 1.17848958498e-27 2.69583827236e-73 5.55008371086e-42 0.105724274116 1.51602717379e-26 2.5361831441e-32 2.24086761549e-28 6.89611234456e-35 2.42914684514e-49 3.23245675482e-37 0.0580701780354 1.13229579154e-34 0.00933952474841 2.61349262046e-14 0.181232201892 2.01204462128e-47 4.17635377479e-22 0.0146540027601 1.84374851956e-08 6.36435649601e-34 0.00108028481634 9.93442841673e-19 1.78386360781e-74 4.99230828341e-41 1.2529916424e-42 
0.0190953774884 8.92214491025e-57 1.02843431584e-57 5.40630181073e-07 5.77350068916e-35 1.81780726807e-90 3.8100281668e-14 0.272536281117 2.34488886232e-16 2.52869117886e-07 7.86116990245e-93 1.95714660021e-104 5.37574357457e-54 6.85786965899e-77 4.00030908152e-58 3.35672842713e-35 7.19250766928e-10 1.69445675956e-13 6.31251720455e-19 1.01972008915e-05 1.17844364982e-65 0.0819146001164 3.42481385115e-16 6.53087344896e-20 0.000201490830499 0.534882582411 3.31872045851e-12 0.0222855310592 2.34595433429e-24 5.41083485548e-06 2.42022559802e-45 6.4891248831e-06 3.02285019301e-67 1.89495822097e-48 5.07787522774e-19 1.0706268417e-18 8.35556031468e-74 2.71039323347e-63 3.80690401338e-48 0.0690612322903 7.81004879574e-16 2.06142298372e-38 2.49233744939e-24 3.35375629499e-146 1.33038254863e-08 
2.57493554536e-11 0.220016724332 1.67938411296e-14 3.85831328952e-18 0.000889601463148 0.147796857624 0.00744645592515 9.46365967888e-133 1.63082314149e-28 3.42080427057e-10 0.0161125337708 1.12377856952e-29 2.70374656648e-23 0.0204440074265 4.25578025953e-17 0.0686246481593 5.13306149459e-31 4.39159823689e-06 0.0506217015794 1.0079826109e-144 0.0574636283084 8.67825651597e-26 0.0139604037311 1.53407841594e-05 3.81007205092e-19 6.96132089025e-33 1.03651050005e-06 9.63552671447e-15 3.12670948647e-34 0.0123424579779 0.00447164488428 1.76318185206e-82 1.03587654744e-08 0.0706823798378 0.000928640425966 3.65876511237e-48 0.000767640279199 0.0133491167932 0.294060777608 2.5441225146e-10 1.58151212084e-16 5.80211884127e-19 1.08537422852e-58 2.74551361966e-35 1.08019378991e-121 
7.07006295705e-36 6.66010462601e-33 1.23264661147e-14 0.120771376791 1.36064791121e-06 2.39673932627e-132 2.22929101025e-19 2.12137354673e-20 1.22196888681e-17 5.37059683945e-22 6.62892730427e-128 2.80936373089e-25 8.4633425918e-11 8.04634119859e-26 8.92979890757e-32 2.24498760265e-21 3.99984820375e-09 1.26145878258e-22 0.0268014963444 0.0144083917716 0.208628258264 7.45093626001e-07 2.99574578179e-14 6.55385370584e-15 1.31927970318e-05 2.01313927596e-19 6.61931757183e-25 2.13748872051e-27 5.27495846768e-11 8.41751080729e-10 0.035726038997 7.44342192158e-16 1.42542879886e-13 0.0644264866858 1.23760434971e-34 9.69370083507e-12 7.48368625122e-05 1.00473944899e-32 7.41534247508e-36 4.38144855161e-17 0.529138900632 1.50303018993e-07 8.75982081319e-06 2.25977611762e-24 3.3406933955e-13 
1.88188037094e-54 7.53600702107e-55 1.48618371991e-87 5.90660657805e-32 3.3059238185e-07 2.1925668929e-50 9.10984926789e-19 6.20853750178e-05 0.000164113933008 2.12383728032e-28 1.13145183388e-66 1.56395589786e-22 7.26842116725e-54 2.84536055918e-95 3.31100517261e-90 8.93365855475e-58 8.25937220677e-08 5.88209539851e-10 5.00369568677e-51 9.00068035897e-08 2.15700289772e-54 0.012698772724 3.2205587492e-15 3.66619360409e-28 1.3340215153e-07 0.27905541897 1.58826200168e-12 0.220446436063 7.1710050327e-19 0.18418456976 2.63133476994e-81 0.191390743943 1.20049157109e-50 6.27867065113e-60 0.0771349682299 0.0209856417316 5.94592737128e-57 1.49765102523e-55 9.34750147621e-36 2.8009876553e-13 1.08378683021e-15 1.29841814367e-39 0.0116446833733 2.11746898024e-24 0.00223192871147 
2.4908879199e-32 5.44755532252e-37 2.26395709698e-67 0.181838535313 2.4241832361e-62 2.9152978983e-119 8.30974626316e-17 0.0207080409244 0.0168130210147 2.86293200463e-46 1.72984943325e-134 0.0326514767784 6.51997979518e-45 1.343570789e-59 1.73954915696e-90 2.4598494228e-43 3.70289449552e-09 0.140036535291 4.00648350651e-70 0.0365977093966 1.10553466901e-25 0.0048775951758 7.28903038721e-10 1.61919852663e-69 0.215103788716 3.93234744374e-07 0.0904052191685 8.79623045036e-23 2.13642969766e-20 7.77050286033e-09 1.22860778137e-36 0.225441165273 1.89229625694e-82 3.47682005859e-30 3.54966256134e-91 1.1964411611e-10 6.07460561331e-23 1.33834484864e-38 3.52380885249e-28 3.09595868553e-06 5.89336194748e-40 1.54427436624e-39 0.0168124519262 9.25376450284e-08 0.0187108669697 
0.0703993548875 0.000181824551544 2.60494769076e-10 2.86359236552e-33 4.28128245272e-06 0.0591603910159 0.233113522942 1.73551172453e-61 1.92918738304e-29 0.0192455125647 5.95687068864e-09 0.0239165176249 8.48676027999e-13 1.90534822859e-07 0.223740817281 0.00247916090937 1.49935009466e-18 4.22251912722e-09 2.90271317667e-16 3.11219173722e-43 0.0145814797308 1.48673820735e-44 2.9220218739e-09 3.99576901813e-14 7.96600761495e-30 4.76579953497e-33 1.7628536887e-23 2.36855499666e-11 7.97041483725e-24 1.90399047765e-20 0.290185217771 1.00892876274e-39 4.9810666879e-05 0.0570155812881 9.72109573979e-19 8.49215878758e-58 8.89444661108e-05 8.16790378624e-14 0.00344853138924 3.46030232135e-12 1.25990024433e-14 7.83083040036e-13 3.70985806539e-63 0.00238884770255 3.95084838873e-54 
5.78376305292e-112 7.14751687514e-76 1.9739521246e-35 0.00211725698777 2.49286703425e-21 8.57732736551e-181 7.33081664265e-06 9.22395618609e-13 3.67876778249e-32 7.8864182154e-80 7.93487900888e-180 3.35739309641e-05 1.05220446307e-31 1.11249420519e-57 2.49758772808e-147 7.56206819486e-98 1.46515698839e-20 6.50414914574e-40 5.50566396662e-63 4.8911811271e-18 2.82621123872e-35 2.00999853848e-47 5.97520551242e-15 1.17184521445e-35 6.47998369688e-25 3.29827482575e-21 1.71918311554e-37 0.017720155613 4.59834233175e-35 8.41046029993e-21 2.12749697939e-94 1.61482225471e-18 9.70863260853e-85 3.01315172518e-81 1.95268399987e-14 7.18817635542e-22 1.5918541849e-75 4.53642841127e-82 1.48380613728e-82 3.21979519279e-09 2.35243879154e-79 8.68632114943e-17 3.45515754122e-30 0.980121679431 1.61976987209e-20 
2.81491464832e-294 3.99313307108e-87 2.64849590051e-70 8.6178353956e-05 1.35059590373e-10 1.21073502423e-170 1.13260684724e-20 1.63871300879e-07 1.16610177162e-22 8.80669085546e-18 1.74453340344e-169 0.0918176092526 8.11119821466e-42 2.22870553563e-23 6.70708569472e-178 4.96565524313e-49 1.8859522443e-10 2.24684751027e-13 1.92250223293e-16 6.87489054632e-13 6.26415779564e-91 3.745291127e-50 1.31348550552e-24 0.0682428691824 3.27385376633e-07 7.66341852414e-13 3.69569193313e-16 7.11794952305e-09 1.51725431033e-11 0.00099332725796 6.00366209238e-48 0.00689789419705 6.17123460884e-20 9.68581308752e-97 0.122481410931 3.30577334845e-14 3.58501879335e-86 2.14495973745e-140 1.36612866211e-39 1.87296052098e-11 0.0310453288463 4.74605347476e-35 0.0176565034842 0.583021524183 0.0777568555777 
0.126826211643 3.11929052462e-16 3.89860477741e-20 4.01364342e-20 5.68078323918e-24 3.32658838956e-70 7.78469588961e-38 2.32948381483e-29 1.9368215764e-20 3.00633068266e-17 5.5550228889e-59 3.50583577735e-113 2.78540229506e-07 2.36920154164e-19 0.0193163239258 2.20923575442e-11 2.68797054425e-23 3.7018316766e-16 1.46031190577e-08 6.13260126776e-17 0.418231868169 1.4876504722e-18 7.98160798713e-17 1.21896300185e-25 6.96886869297e-22 2.38322638629e-13 1.24269567808e-09 2.07103679022e-22 3.92794576846e-15 8.25013901496e-10 0.14588791261 6.28350121026e-20 7.17220506805e-37 0.021817042917 2.40731838936e-32 1.19960414013e-33 0.000230390182151 0.255640435353 1.88524965499e-18 1.70968114969e-25 1.96944853167e-06 0.0120473687272 1.81792189748e-07 1.63961328988e-116 2.42792402353e-29 
6.70252755037e-06 0.115808345919 4.09289159728e-31 3.35909542322e-43 1.66667451033e-06 5.02409130188e-22 2.83244494485e-33 8.47010784369e-128 7.3507943986e-54 2.25906813932e-08 0.127416065141 1.28975647528e-80 1.07874190707e-18 6.35146273706e-18 0.0169358349008 0.0759363036467 1.87832245197e-55 1.14966747354e-05 1.45662816038e-40 7.36322763897e-139 0.117408613399 7.06322366353e-72 6.33953129738e-40 0.322506143253 1.45141213365e-39 9.06440430971e-41 1.85846577899e-36 5.84587094997e-41 8.57120964009e-60 3.42458974954e-12 0.016407695658 2.51677964164e-104 0.043633132449 0.000355618539119 0.0292209300289 1.20004227229e-115 2.10084924142e-06 0.131377357758 0.00297196998745 2.61356856318e-48 1.20806997951e-13 5.20701609561e-22 2.18944759029e-153 8.71242493818e-91 3.03323299837e-141 
6.07560527757e-92 2.48415572178e-88 4.9193200608e-92 2.58490391766e-16 4.58289465562e-51 4.5448234466e-211 1.82061593762e-26 6.49263929935e-06 0.0757214367872 4.29138661593e-72 7.91801095071e-183 1.97904676544e-46 6.12839938349e-67 1.20980438263e-125 2.58607294409e-92 3.63144811711e-87 7.34037904108e-05 8.87449381143e-26 1.42825236767e-58 0.0167113407045 3.00494370111e-42 4.96274470317e-26 3.52197478235e-13 1.40396928645e-66 0.202568109467 1.38327286096e-09 6.17935895849e-21 8.35027741296e-09 9.02256834974e-32 0.193121563418 2.36394144736e-72 0.441671664461 7.44182314268e-65 3.07201866384e-64 3.59052386235e-74 1.17204430035e-11 4.74278664838e-81 5.02195052932e-112 7.95266571304e-57 1.92646926923e-14 7.1226333112e-48 7.68867411011e-59 0.00355321778881 1.24236608033e-46 0.0665727611984 
4.17877003379e-58 5.14879263549e-50 6.19566341445e-98 3.72081043395e-08 0.0134174647938 8.83713554283e-44 2.0748343587e-07 0.264787300554 1.15979890574e-07 3.42131220627e-24 6.40385348421e-54 3.26354682097e-17 1.99521941254e-58 3.72577295248e-164 1.61080765017e-143 3.16933175966e-60 4.29237830764e-07 7.21512186066e-08 1.34343801254e-69 3.065932616e-07 6.36096173149e-50 2.40664793244e-16 0.000200810309721 1.83540801845e-24 0.109603126623 0.0508965327499 6.99119913298e-05 0.00377986248097 2.20255255595e-30 0.00241947315859 2.13010650395e-105 0.000224132738378 1.12204992703e-37 5.03552495828e-112 9.5099386171e-08 4.5383431609e-11 2.72065350401e-60 1.91776766205e-57 3.6408843812e-35 8.03322341322e-06 0.00751207306217 2.24577595164e-30 0.0904187865706 3.52697167395e-17 0.456661227945 
0.0888379952334 2.66380710293e-06 4.14923918944e-22 6.28830205867e-56 3.91619246688e-22 0.000371028108954 3.04996546185e-47 7.5119448285e-106 6.30161759943e-74 1.06357620789e-06 2.84506591982e-10 7.93805545958e-106 5.71487157654e-21 1.19504216486e-51 9.11088466653e-05 6.26003765092e-25 2.30605406254e-16 0.674696766363 6.98527837898e-45 2.46588635901e-41 1.60542595535e-18 1.50536533854e-41 1.6407154369e-26 5.06386095952e-13 1.02599688851e-39 7.18812820075e-39 3.77147644556e-15 3.16783383329e-47 0.142798310475 3.46778754951e-07 8.97720812402e-05 1.69110779323e-65 2.45651437015e-28 2.1530299559e-32 3.92291426347e-08 9.28012531458e-74 2.42063514149e-14 3.17606639098e-25 0.0931109052155 7.76171802195e-54 1.43712904581e-20 4.17437853977e-29 4.02418217482e-89 7.32870193911e-170 2.73181249481e-53 
9.29872825889e-301 1.0590643701e-128 6.9475580463e-109 6.39481576341e-09 1.27147735353e-10 2.88507399362e-173 0.000456806404356 0.0393097127288 2.1835809038e-12 4.0309908784e-37 2.47017169604e-224 7.93268270556e-94 7.04529646141e-115 2.43895723067e-24 1.65209707668e-171 5.43589903725e-52 3.19435671474e-09 2.26346733635e-15 2.51326326718e-92 0.0668633453268 0.0 4.47976360304e-22 0.00679215795908 5.28617117981e-22 1.67070273637e-08 0.174238289018 1.61602850522e-22 0.0641468510651 0.0806846331182 0.0412113234904 5.35405607508e-50 0.238106847551 5.11605936703e-68 8.965143181e-85 0.144682190697 2.50136857458e-09 1.84579796912e-166 0.0 1.16440114355e-87 7.70088282733e-15 0.010956041796 4.73420461786e-34 0.0824983921182 3.39408072382e-118 0.0500533797997 
0.0258366771995 1.5186155497e-06 9.76668189624e-16 3.81687036639e-11 0.0121070793068 9.82879528395e-07 0.337133383758 2.62128273824e-110 2.31576028069e-21 2.10952709572e-11 0.0360714352462 4.15103687644e-40 2.13210429256e-26 7.59052654828e-15 1.86862145932e-19 0.00336437612992 8.51766687744e-25 0.00140156594543 2.83151511696e-08 7.0940764789e-158 0.0512721326711 2.27757510283e-12 0.354752308122 1.23762060283e-05 1.04916067784e-23 1.43709498357e-27 9.4499770152e-08 2.90035501565e-12 1.48996347986e-31 1.389228523e-05 0.0155233182109 5.4561828853e-80 0.00115942297176 0.000287966583717 6.85377633933e-06 1.46902153551e-53 2.5867896046e-06 3.61979827574e-06 0.161046477028 9.76655033181e-07 9.26941508247e-07 3.72038633218e-15 4.48544231045e-37 8.09516489545e-45 1.20760565977e-152 
# The emissions
1.18668577462e-46 1.98713451577e-14 4.14367338105e-22 1.99083873785e-07 5.89107596526e-17 3.14231097038e-08 9.48811688238e-05 2.26617784597e-52 7.39455568824e-19 0.0 2.879367663e-33 3.40903787869e-19 2.05817785868e-19 0.999904888324 4.77588199685e-55 4.93676701335e-80 4.06532310775e-31 3.32157789145e-24 2.14028233778e-31 1.12079482981e-26 8.14547947119e-39 7.14634404191e-31 1.24858069034e-15 5.2341306318e-26 1.66608640828e-15 0.0 
2.04964669228e-45 1.67085311739e-19 3.42898052167e-122 1.5183466347e-20 2.79312746962e-09 0.0479934493491 0.0078455815613 8.10006205688e-57 6.78363030592e-09 0.0 0.00332227022568 2.64491089232e-16 2.73128181047e-11 0.698381935761 1.81467048665e-43 9.07680529969e-251 5.5766566258e-149 0.242456753488 2.72597100344e-26 4.47750502963e-106 8.98022477721e-46 5.70685741133e-55 1.09982195005e-11 8.54412469316e-113 0.0 0.0 
3.64120686844e-40 1.57105760038e-14 5.01144298993e-11 0.000800366024997 3.13241666591e-24 1.6616501618e-07 6.72231832095e-06 2.63279938868e-14 7.7746601568e-18 0.0 1.09184455707e-08 5.58704530632e-08 0.0156086555491 3.86789185168e-09 7.09227212209e-71 0.0346337300056 1.35453226374e-36 9.43924634133e-13 0.40821291985 0.540660726039 7.66433147429e-05 2.73248458806e-92 2.46088446717e-71 8.14302504976e-168 2.45835831305e-11 0.0 
0.0203314520165 1.93389808755e-116 3.97327653962e-54 2.22076298865e-57 0.684617408961 3.87795361156e-15 5.65114532973e-72 5.77355958109e-103 8.468606726e-06 0.0 1.99593999985e-259 5.66689942568e-46 3.59151753916e-100 1.07314032004e-33 0.29503902542 5.23236913092e-73 0.0 1.57857353707e-88 2.13038321325e-68 9.32144795335e-68 3.60254971415e-06 1.77595006105e-275 1.58750177953e-40 0.0 4.2446783186e-08 0.0 
5.91474085017e-81 1.08132694976e-09 4.78169286226e-89 0.137397533836 0.000213635447774 1.39223543887e-26 3.21492421467e-21 2.47320098847e-26 7.18322087502e-28 0.0 1.1836419379e-36 0.362924902256 1.09511886161e-06 0.0021416889504 8.72027253987e-111 8.74471074178e-158 1.53684786272e-26 0.400838246408 6.69143525465e-35 2.65326913018e-13 5.45541517236e-39 0.0784514496299 0.018031447272 1.33007039767e-31 6.62492096665e-116 0.0 
7.89998896697e-36 0.000115620752957 5.52126316373e-57 1.88684790667e-12 6.15570899403e-17 7.36965861404e-20 0.000499569797758 5.79759851988e-31 5.51960620871e-25 0.0 4.05039751552e-30 7.60045690946e-16 0.986511260843 9.81300031629e-09 4.10107663489e-57 2.53531178675e-62 1.00069570417e-67 7.90799007176e-10 1.68033617393e-26 1.14087472893e-33 8.34457382221e-35 9.53335301981e-19 3.49737710112e-10 0.0128735376511 4.91297672315e-282 0.0 
6.82164172756e-70 1.63897097071e-15 1.65747205898e-127 8.9296849202e-09 0.981622961092 3.43298668511e-22 2.4008375222e-12 3.02470741761e-37 5.39248874251e-10 0.0 2.92355141981e-27 3.98172588363e-34 1.41949966358e-17 5.81179425192e-06 2.99765723356e-83 2.36894648576e-226 9.0177692452e-89 2.08633640001e-06 7.82416301461e-23 1.78539684822e-66 1.73868709233e-06 1.12259241452e-18 0.0183673926189 5.95310246932e-41 9.27989645988e-149 0.0 
0.999992231944 3.37153820457e-32 1.21206351196e-49 2.92334623251e-53 4.77359510307e-06 2.72225763549e-18 2.09906070402e-51 6.37046015848e-41 1.196093155e-07 0.0 8.78814024574e-77 1.57669695337e-54 1.06490349515e-32 5.10639283285e-52 1.18167280023e-06 1.02961538983e-69 4.51145691595e-211 7.72806044313e-53 7.16229110485e-83 1.6322333025e-26 1.69317826531e-06 4.14924670341e-182 1.08686343997e-66 0.0 4.49286780102e-13 0.0 
0.00692097655534 5.36618802571e-61 1.93003271143e-39 1.74159172948e-28 0.63601090583 2.03141434273e-16 5.45406259368e-52 1.03716693241e-22 2.83500560686e-16 0.0 1.05214765179e-20 1.46150009778e-29 1.24144207672e-26 1.19646677764e-31 9.28709851019e-17 2.5147069242e-47 1.75607688903e-221 2.56657298487e-28 6.15779643759e-48 1.58810603994e-44 0.357068117615 1.64233268992e-110 1.2605098579e-59 0.0 6.48237300923e-41 0.0 
6.03110446077e-32 8.3731409177e-09 6.52478496572e-13 0.00172095459052 3.84003143626e-27 0.0323269007044 1.44262162509e-10 5.08306119973e-09 2.37410141728e-09 0.0 0.00198488375032 0.223184068449 0.268506785105 0.339178285919 7.91096729971e-67 0.000181740718839 5.50513246267e-19 0.132914330063 1.91773613211e-06 2.63550188463e-11 1.16961724044e-07 1.60373047362e-50 2.22480445264e-78 2.50707764038e-45 4.41360912762e-28 0.0 
6.17094652837e-47 2.25867709464e-10 2.91364359897e-09 1.37075919517e-17 8.34215862827e-14 7.05079557495e-18 5.7744300197e-20 2.2926537547e-63 5.77024759752e-23 0.0 9.21927381983e-08 5.24091140905e-12 6.24007136893e-24 7.9974020547e-06 8.33968611493e-103 1.20391076924e-168 3.45833135719e-144 0.00556855293622 0.99442334354 2.05099079338e-63 1.15107762231e-42 1.41805239404e-74 1.07842648679e-08 1.30637071273e-118 1.24603355881e-320 0.0 
2.17212808822e-16 3.93586144474e-12 1.47907916885e-20 1.58380006116e-16 3.22722375939e-28 2.03163468042e-12 1.8118735547e-15 0.998182808863 1.17430947042e-22 0.0 3.96934424033e-13 0.00181684641399 3.3356382317e-10 2.31885417747e-11 1.88808109134e-64 8.22086147923e-14 5.71552237955e-67 3.43336913909e-07 1.94598520979e-17 2.98070258744e-12 1.02017409647e-09 2.68786276251e-87 4.85371066393e-47 4.41352115586e-43 1.92376576415e-17 0.0 
1.18785592222e-17 7.14153292026e-08 0.340945020297 0.00185608661586 2.08275377267e-38 0.00456500632027 0.207685805221 0.124117315416 0.0116902697487 0.0 0.0150187181878 8.69162270052e-11 0.114922360862 0.0591790389987 1.96244006413e-63 0.0190474596576 1.09477704912e-26 2.29458093414e-20 0.000294871988163 0.100677975185 3.10605424238e-14 1.34527045055e-228 1.69657814847e-181 5.16685042325e-307 4.08057754498e-23 0.0 
7.18969425844e-21 0.529973313527 0.102313407926 0.0103668239618 8.99631062739e-17 9.54568600439e-14 9.15259334743e-10 1.30359414837e-12 8.46037353931e-11 0.0 8.83803622833e-15 4.92729404105e-13 4.67599469656e-09 2.27696555243e-10 1.63253413108e-33 0.318852145095 1.68584983574e-25 8.32840838971e-20 8.59187394455e-13 0.0384890721983 5.23138604482e-06 1.86211976422e-43 5.25047619377e-61 2.27736514523e-43 3.87589701744e-14 0.0 
1.13224643111e-16 0.00174697593094 7.6541438305e-14 2.35425140513e-13 3.96167133011e-24 1.69456924334e-07 0.998252854612 2.12168357257e-16 1.28323393664e-17 0.0 3.24750607233e-53 1.0706249885e-18 2.07116433262e-31 8.19042126249e-15 1.05085080743e-31 5.99034588267e-43 4.30074684679e-84 6.53383891205e-14 1.96760584874e-25 7.8192545326e-35 1.03488343431e-15 3.15624301458e-78 7.79438644647e-39 3.91143505124e-90 2.38512635058e-40 0.0 
9.5461594568e-74 0.238616945346 6.83891458717e-208 0.539845294933 4.44233847059e-29 3.74081466984e-29 2.16987290526e-05 7.96362767612e-49 9.40313340137e-46 0.0 5.76194475525e-22 4.5255251299e-10 0.00208145646778 0.00765566969818 9.77693180208e-72 6.94708889181e-279 4.60572988478e-66 2.05155994112e-08 3.05589427086e-24 2.29666340578e-29 2.30954559548e-56 0.211778913858 1.2899724468e-23 2.28362384436e-15 5.39753279912e-268 0.0 
0.840066839774 1.31634841781e-95 1.83908225167e-21 4.47906717403e-41 0.159933150447 5.86629404437e-56 2.33945116837e-52 5.73200497981e-85 9.72000377889e-09 0.0 5.66227787942e-75 1.90968277848e-66 6.63651755476e-65 8.2532892302e-47 4.96722892154e-12 2.18421754777e-74 5.88982781606e-298 1.78895150819e-65 2.62520958224e-33 2.07685499241e-59 5.34895865377e-11 4.03935859152e-164 3.11962639877e-104 5.72128017884e-320 1.28687675835e-15 0.0 
5.56177559928e-11 1.51490764679e-61 0.00734668900585 3.19126670896e-35 2.47691320121e-20 3.01895784625e-29 1.88650585394e-17 8.26451875151e-74 0.992653310939 0.0 4.08974742918e-83 1.14173884499e-32 6.48577622823e-32 3.1311152238e-16 1.0748114729e-18 2.96380884853e-135 3.02523649487e-129 4.81367488082e-23 2.73789939813e-31 2.18039259509e-54 2.4152131969e-25 2.79839150667e-73 3.63444730836e-52 1.17875057371e-161 1.36411161797e-31 0.0 
3.89558774191e-29 3.16473579416e-11 1.40998992972e-83 1.33020791352e-24 1.24234774933e-37 5.83849562791e-27 1.51620922166e-29 1.7922618264e-52 1.00025913124e-44 0.0 1.07815757523e-33 1.80837728466e-05 5.26579111302e-39 5.81937997574e-18 3.6977423875e-53 3.17753539621e-127 1.8257401227e-48 5.36233547826e-07 8.25030090616e-36 9.77667409879e-42 2.49116603837e-41 1.89422169687e-24 0.999981379924 3.76075912814e-11 1.70389406698e-53 0.0 
0.99996015514 2.16956393439e-85 1.49963578613e-33 7.4649247413e-30 3.26567446596e-13 4.06534491935e-11 2.85394568579e-45 1.37214227815e-91 1.76500454494e-25 0.0 2.95235732151e-155 1.79230462794e-30 1.65694072052e-41 1.31114875638e-23 3.98448194264e-05 2.30745979985e-72 4.17204751945e-186 9.23665777173e-30 2.57843127906e-77 3.15921078071e-52 6.38976357865e-17 4.36639182271e-237 4.690863019e-45 0.0 2.05504224317e-31 0.0 
1.60495211285e-49 5.99040929902e-34 0.380884780182 3.57102888784e-05 7.20477812301e-57 4.98761923479e-11 2.93333491883e-26 1.36146384691e-57 2.02361032688e-49 0.0 6.91369209397e-34 7.42082760871e-29 1.57860651133e-38 1.67085606006e-21 2.11650419001e-65 0.0412345882654 7.85145537247e-80 8.75975596038e-36 2.01728311515e-30 0.577844921214 7.96576499952e-36 1.08959011827e-50 2.45127005127e-32 8.93187317317e-78 1.03265934889e-78 0.0 
7.71455559812e-16 3.24339720962e-81 2.90633547694e-64 3.33449187272e-32 1.9729312782e-31 5.13594247993e-17 1.8717149721e-14 2.22682759593e-26 0.20593872862 0.0 3.3548688323e-47 1.49965157094e-28 3.33397915266e-122 2.77145033076e-10 7.71718431132e-16 1.90290064866e-239 1.89132027453e-238 5.09514992507e-29 1.89510671768e-114 2.14699187099e-55 0.645220646025 0.148840625077 2.98978819582e-17 4.83769418845e-244 1.6562009952e-18 0.0 
3.24329917058e-52 3.32031050469e-18 1.15058980872e-80 1.10667202411e-17 0.121582731645 1.69737924864e-23 6.61351948009e-13 2.10676112617e-40 0.166403360728 0.0 8.58986359137e-34 9.75861115765e-17 4.3034420812e-17 6.38154205952e-12 2.21029869169e-48 5.53433117431e-119 0.0 8.78420084958e-13 3.60450361478e-28 1.06173596228e-76 0.712013907357 1.76453220977e-10 8.63153646603e-11 2.55619505198e-191 1.62931388618e-98 0.0 
3.61276866435e-51 4.75005724102e-06 2.67590549802e-34 7.85228164754e-10 7.66957538011e-39 1.05783691418e-13 9.46275515471e-05 9.83407354969e-25 6.50557321974e-57 0.0 5.2835555967e-32 0.40601696779 6.30557406359e-17 0.170102823187 7.35168489917e-89 7.640559542e-68 7.89414391808e-26 0.423780830624 2.48648795281e-33 2.12955743331e-51 3.10189762797e-85 3.0023264309e-39 4.93786322211e-12 5.22826855216e-73 2.43727318492e-201 0.0 
0.0159711842809 1.34258092118e-126 1.88500293734e-54 4.62428622417e-62 0.314777091509 1.76177226514e-28 2.25244695486e-77 7.40107210086e-79 0.00934049101611 0.0 1.02675287479e-171 3.79357516384e-71 1.59250904258e-84 5.34571138823e-49 0.574140275709 5.32128129016e-73 0.0 1.82813729347e-90 2.30998368427e-76 3.05319193608e-78 0.000485575808756 7.65594586341e-306 4.4999726678e-99 0.0 0.085285381676 0.0 
0.0026383111713 5.28823692922e-80 7.76371745565e-80 9.84948403513e-66 0.0888032021163 7.32212276117e-80 8.74885140109e-72 3.68698184021e-66 0.164694502284 0.0 1.48242821916e-144 2.17360257373e-80 1.41639679371e-60 3.62140378465e-77 0.730841696962 8.52754149072e-113 1.05792977544e-278 2.82102583894e-80 2.96924716176e-127 2.72203865735e-78 1.30963426943e-09 1.83342649543e-218 1.75112407738e-108 0.0 0.0130222861563 0.0 
0.000429973485777 1.15721222573e-71 3.08324072653e-24 4.28350758855e-43 0.0592451951709 4.14741181661e-43 2.95365638472e-52 1.55042147334e-87 0.924808379157 0.0 1.26480677156e-59 8.06458961169e-80 2.6031152583e-68 3.30408118201e-50 0.00821371668106 7.99133766296e-75 4.7132485764e-155 4.27539065078e-67 1.86077054031e-66 3.53874916182e-61 0.00730273550538 1.59292232619e-158 1.30807394729e-106 1.42449141806e-256 1.21971440214e-24 0.0 
0.226929500253 2.57932625483e-79 5.45765025392e-128 2.83298271643e-89 0.579397056902 7.44083569614e-132 2.18295428555e-90 1.37852740733e-72 0.0312216924974 0.0 4.78537449645e-314 1.67810632537e-88 6.47690918919e-78 2.55589114772e-84 0.00909901140688 5.66814030866e-160 0.0 4.95776337462e-80 1.18407984419e-90 1.34552975558e-130 0.153352738937 1.71512715033e-279 2.43647963201e-88 0.0 3.22757714064e-12 0.0 
1.61506545434e-28 2.19556883831e-54 9.6784305737e-42 1.22707753255e-12 2.15107498041e-57 1.95974076631e-05 4.43263081645e-21 2.35395170728e-39 0.916527915689 0.0 5.23836022132e-09 1.0037638297e-11 1.01597261712e-46 8.40375379802e-19 8.96580580587e-43 2.35208884313e-106 1.19457289333e-122 0.0572772080929 3.4309269159e-53 1.42090769471e-41 5.23561947474e-26 4.19995540709e-15 3.51805433902e-31 8.52757304722e-319 0.0261752735611 0.0 
0.0474625424561 1.1340211317e-122 1.201821457e-66 1.10017256684e-64 0.0452192437051 1.50469620405e-56 5.73251108684e-58 1.79611946616e-69 0.907187475786 0.0 1.83023439784e-207 2.13753061123e-71 1.2013282268e-74 1.73527190062e-67 0.000130738051062 4.1684636901e-87 0.0 3.75672335932e-95 3.01576825251e-58 2.23946329052e-84 1.3041714996e-12 7.44773817739e-127 3.78689789048e-75 4.67924860557e-214 3.83099807428e-13 0.0 
3.5610731572e-48 0.125103140388 1.58906280117e-22 4.13427253901e-08 0.00893362195316 1.26853071965e-15 0.719526696181 8.94290615577e-31 1.35019256842e-18 0.0 3.61707339839e-24 2.54340244493e-12 8.32053893538e-13 0.0802475972835 3.17597435963e-72 9.09405087811e-35 0.0661889028478 5.64473578022e-21 4.04981939253e-18 3.16360792499e-13 3.54151042033e-41 5.2637508904e-23 8.43796902233e-25 4.09118634168e-22 1.89862270226e-39 0.0 
0.998708380281 5.24845925413e-93 3.75834072446e-95 4.29408426959e-66 0.00128586665815 9.49427701219e-41 3.10145962837e-82 2.245544497e-50 5.74177369057e-06 0.0 2.19021233155e-73 1.38525889254e-62 1.11196280714e-64 3.82963590622e-56 1.01544670899e-08 2.60712836956e-79 1.46010124598e-209 2.26638899489e-56 1.5375092073e-63 1.41892207206e-86 1.13252282353e-09 4.32447949881e-150 7.73668476344e-81 0.0 3.6427052438e-22 0.0 
1.2104842185e-55 1.91602081257e-21 1.3885185967e-28 1.69262663087e-11 9.59256127743e-16 0.0222522363363 1.40822306797e-24 3.90455327379e-45 8.66647399843e-31 0.0 3.81389397606e-06 0.808237137616 2.7254131183e-14 1.60034831246e-12 8.79446132367e-83 3.87217527057e-283 1.66695946663e-56 0.169506812135 4.29688541824e-31 2.50887294677e-96 2.92568920935e-50 4.22248027825e-43 3.40197638669e-18 2.88630382867e-58 1.04102497159e-317 0.0 
9.70246197124e-28 5.14798717297e-07 5.12577947869e-11 0.988004274255 1.49232631125e-22 0.00730337682923 0.0016719070969 2.49823524646e-24 0.00282593803798 0.0 8.59344451523e-16 1.72889451461e-15 4.04002946937e-16 0.000193988686593 7.4501866847e-54 1.9575270199e-21 1.87779029549e-27 1.01329076914e-21 7.68854101485e-13 2.43242509526e-10 4.93733730663e-17 5.87624563126e-21 6.86390138577e-23 1.23723038865e-17 1.15844805271e-18 0.0 
1.4204138257e-25 0.0154997034253 4.11246372237e-37 1.83827692545e-20 3.1359484357e-30 3.6748327982e-18 1.31516520117e-15 6.23231461664e-16 7.1162781982e-28 0.0 9.35253046817e-20 9.04739854848e-05 4.27287623308e-20 2.77478876145e-14 1.13823655379e-36 1.79992816491e-30 2.19281640919e-22 0.984409822589 1.73054803144e-27 3.26006034551e-33 1.20734753379e-22 2.67157960816e-30 4.83227430068e-30 4.2730651526e-95 3.34929864314e-34 0.0 
0.938279822779 3.25348337037e-38 8.4584820824e-55 1.56411356494e-58 0.00111695741504 2.83838359892e-15 4.22678894537e-69 1.34707496931e-42 1.24619507958e-20 0.0 5.46219985122e-60 1.94399394277e-42 1.17372001317e-51 1.65216367756e-41 1.89856185138e-24 2.66045591399e-37 4.72463172845e-182 9.20235842533e-49 4.82700363168e-61 2.59611219721e-33 0.0606032198055 3.19598805e-145 6.89925805144e-92 0.0 8.38200003081e-55 0.0 
2.00099441087e-17 6.26181409933e-13 5.11665004466e-19 8.25886840929e-12 8.78844596584e-71 1.82814054639e-42 2.070023816e-16 7.76857545745e-63 1.05564915577e-70 0.0 1.75471666553e-50 0.0636963578892 6.42929571577e-19 1.04577045604e-18 1.93889834155e-91 2.97015417585e-32 1.26011736422e-144 0.00942460548073 3.1682693638e-33 0.926879036621 6.29838941775e-78 1.76771161564e-101 1.28934104329e-23 5.145753095e-73 1.10273978454e-159 0.0 
4.005587874e-34 1.06644765929e-15 8.98335413184e-10 0.969271265897 4.59826364779e-42 2.9047259579e-18 3.66233207397e-16 5.67814604996e-75 5.58733256098e-35 0.0 1.78694226685e-39 4.19747292903e-20 7.63356410091e-24 6.03437762229e-16 8.63948786846e-40 0.00489817989614 1.64525951919e-76 1.05760401492e-21 3.25660001322e-24 0.0258305533089 1.78689477531e-42 4.08195212517e-29 1.17699422466e-33 2.00230726699e-129 9.26007320153e-97 0.0 
1.90443654625e-46 1.0839054983e-16 3.64442711655e-26 6.53097964448e-20 1.55617791835e-11 2.81679124082e-17 6.87736875296e-10 3.60029835847e-37 0.111387903116 0.0 3.4374270621e-48 9.04436513051e-11 9.0498440226e-14 0.70337348896 1.91588729446e-72 1.8421036426e-188 2.35432850087e-281 0.185238520124 8.26284015767e-08 4.93337705357e-82 4.37702086423e-09 3.57649358605e-57 1.14265933597e-13 1.8832989027e-94 0.0 0.0 
4.62464455025e-06 1.17388057239e-35 2.95184028787e-47 4.01822050133e-48 0.840635886223 1.22864253867e-60 3.44303368339e-40 1.28653464031e-77 2.00234733092e-06 0.0 1.84386891315e-78 2.13265885159e-92 8.56141017972e-91 9.41013201973e-82 0.159333738779 1.15752607552e-80 0.0 1.74888768963e-89 6.96181917238e-62 6.02431908596e-46 2.3904647905e-06 3.74612312423e-181 2.47625125318e-129 2.40220136835e-275 2.13575414889e-05 0.0 
1.89317480858e-21 1.97344196565e-20 1.16778875992e-74 6.407677121e-15 7.09173172038e-48 0.0683962098369 2.68539612357e-27 1.16269565166e-25 1.88504221439e-15 0.0 0.0249198805078 0.891599884547 4.18082634055e-36 1.44240096051e-23 7.41206606122e-52 1.5960011807e-61 1.19350595151e-67 5.62021511381e-08 4.28307917805e-62 1.46138159653e-19 9.3850728867e-21 0.0150839525918 1.63144491268e-08 8.296934844e-121 2.66619830692e-36 0.0 
2.2915377934e-53 0.167219133067 0.18079652307 0.0528882752654 6.55151952619e-49 0.184305238408 0.000349027831082 0.00340341517594 0.0980528102941 0.0 4.20981720263e-16 0.0967773611051 0.000248127093648 0.0365897499222 1.28382932563e-65 0.0227675596769 7.25489906092e-23 0.00211964260362 0.00964487654494 0.139495515044 5.38606321238e-06 1.43061305008e-146 6.67936112785e-147 0.0 0.00533735883483 0.0 
0.0641957675413 5.52087149862e-154 7.66339043295e-36 1.69437444639e-21 5.64425834357e-22 4.67697092637e-26 6.1891170212e-58 5.41814543543e-46 1.23785697214e-29 0.0 1.29830925046e-211 3.63344398396e-57 8.38169023874e-75 1.13087503421e-26 2.0371400335e-18 2.24154082528e-150 2.33862789155e-303 4.52913496474e-40 7.06253742545e-118 5.705396341e-61 0.935804232458 3.62819751845e-207 3.16278141666e-13 0.0 4.72471751238e-30 0.0 
5.31728839665e-17 5.82571188985e-69 1.69988384455e-199 1.4504825062e-96 4.83002861764e-34 7.52563616682e-85 1.54913322629e-123 0.997127569212 2.2495612937e-40 0.0 1.39826143817e-65 1.4058354976e-57 1.02266659038e-142 5.7014655627e-123 4.14617686236e-57 6.44417379166e-166 6.36375864772e-216 7.32176021785e-17 2.84275810478e-172 0.00287243078759 3.93897482772e-47 1.09682058499e-107 3.52453717546e-65 1.72600619093e-147 1.54324665374e-165 0.0 
0.96089991406 6.94745745102e-54 2.8633872769e-62 4.99559772665e-68 5.46492127519e-20 3.74918481274e-56 2.46135082765e-70 0.00784651576559 9.8343968937e-20 0.0 2.12351674427e-76 7.73797431603e-57 2.53909747757e-45 2.6151003406e-46 0.0312535701742 2.21305649822e-64 1.35778813085e-196 3.62661730208e-38 3.08445921625e-57 1.63283335205e-48 1.09075033807e-15 4.06146788393e-142 1.64924480904e-67 0.0 2.06079282313e-33 0.0 
