# The number of letters
26
# The number of states
45
# The initial transitions
0.000771356479512
0.0296787169569
3.20476522291e-41
0.0150193271184
9.68390042639e-05
2.8126152174e-45
0.057619682409
0.00497001967164
2.89451083464e-08
2.68142334061e-26
0.0163075944297
2.73470831134e-34
3.39781565166e-10
5.24640428601e-11
0.00155271126601
0.000202535107699
0.00489875372697
9.2670916172e-32
0.000928212843982
2.56483102675e-14
0.0520356125728
0.00891007602837
0.240931306157
4.95117543418e-18
1.74011610305e-12
0.0059197670757
0.000449740442912
2.64916825515e-05
3.18681058949e-10
0.123629315617
0.080188985175
1.05886997273e-45
0.152352674025
8.16963818083e-11
1.28310775587e-19
2.8411565544e-59
0.0112498348906
0.0111674251732
0.0510753519187
0.000142545245135
4.90801897468e-19
0.125191657726
0.00468249874078
9.38775905176e-07
3.0769968873e-31
# The internal transitions
4.16910221179e-31 7.73038954791e-08 2.14438103611e-17 0.0410342724785 5.99757969419e-18 1.81532941806e-06 0.0577262549599 1.03963595672e-06 0.460795166466 1.91715140378e-07 5.36244609596e-24 0.00781735682408 9.54546460384e-47 7.84739206729e-39 3.36194930912e-55 0.0261259802534 4.48472982659e-78 3.07237107125e-13 0.00800753957784 0.0264525514024 4.80690545713e-45 7.41264075804e-103 4.30640357886e-15 0.000653254329483 8.41602693682e-35 4.53908744471e-12 0.180440315535 1.1431076948e-54 0.105018201854 3.88608290811e-77 1.12955635595e-06 5.14878512152e-51 4.82996365888e-53 4.7400595904e-64 0.0001167398608 2.59711567881e-54 2.46122885169e-64 0.0625975611357 1.34789384141e-64 1.93354273749e-133 0.0232105517771 1.18939305229e-64 2.05698022452e-71 8.16105049947e-37 2.33158963768e-21 
0.00156589433784 3.05906168293e-85 4.86730398885e-70 3.52680919364e-08 6.74760067243e-40 2.11751839061e-72 5.26102805462e-86 1.94544935535e-11 3.40107050418e-83 1.09412935447e-37 1.61376697759e-16 0.00270484071909 0.017432020386 9.32893590349e-18 2.56300653834e-10 5.82004479771e-72 9.01489218978e-06 0.0260885954206 4.21837236158e-72 4.53950686144e-56 3.5893911432e-14 0.0738206249252 0.0471088901732 9.20679410596e-83 4.23712441007e-07 1.57072835119e-73 2.49712564245e-48 0.268347048011 3.49179148777e-73 1.92625733111e-13 7.23405403217e-06 0.137818173517 1.2753105647e-12 0.000389308000642 6.14587579876e-19 2.28960747129e-26 1.0171424717e-10 1.32715399865e-13 5.62842455488e-15 0.00101595249881 4.96596426004e-74 0.0153054886306 0.378229659641 9.18846673572e-12 0.0301567954233 
0.00416094859528 0.110817023229 5.44481600328e-160 2.15704885534e-16 3.08129329634e-27 1.02926868278e-175 1.78330390943e-07 6.45858060576e-12 0.404750698983 0.0115438280776 4.31535674193e-41 0.0573503628383 9.06612956332e-17 1.33619464029e-13 0.138762414405 0.109108954248 1.48971590148e-16 2.69808634496e-15 0.00030804728339 0.00352579213769 1.06027288438e-33 2.37069033262e-05 3.78274141735e-21 1.45127281914e-10 1.68590303261e-18 6.72908197857e-18 0.0414730109702 0.000723537171061 0.0004551351537 1.26344574693e-15 7.98392616542e-24 9.42438973902e-10 2.40119760118e-39 0.000695575773994 7.75991022964e-16 1.43432080808e-108 1.02814591197e-33 5.58723714726e-12 2.40945420912e-16 0.0575374046633 2.20241072804e-18 0.000295609158 0.0225540301603 4.0773325122e-57 0.0359137408172 
1.18010765385e-06 7.76906567475e-20 5.73982180133e-38 6.83007008545e-36 3.26418025657e-49 9.33193225651e-51 9.41136539396e-12 0.0118504757288 2.8042349508e-18 0.0198392830425 4.3643205868e-49 0.704460338032 1.33779710813e-18 1.57412892521e-20 8.26797944119e-28 6.00220456712e-24 1.3436007779e-18 0.0699886750393 1.03809682566e-35 8.02105629804e-23 1.84604026666e-18 1.66939090479e-10 1.2559000868e-13 1.68730481412e-13 4.5375253568e-09 4.00963433314e-34 1.34475677882e-23 0.0813815421873 1.76133143761e-14 8.18200821324e-35 1.55603067387e-42 0.00345282335902 3.87358288391e-38 2.21267087147e-21 0.0325167281669 1.02143364008e-77 9.51158336221e-16 0.0518954375733 2.62628451952e-33 1.36087864364e-18 1.09727910714e-57 3.18266120911e-05 2.39503263793e-21 3.18511486382e-100 0.0245816854374 
0.00284288975149 2.23689228193e-13 3.86347572732e-103 2.89482438058e-19 1.48379774015e-20 6.09478051651e-107 1.42660660932e-12 3.36675907903e-05 9.87063680957e-05 0.0236574854276 1.70301335446e-34 0.000919502702104 1.43573897134e-06 0.08420861836 6.62179789966e-10 0.000116164762231 0.365977221128 0.0279208947927 2.94292949588e-10 2.95510659844e-12 2.51661924488e-40 5.33114752194e-09 3.67103897968e-13 5.66090060777e-08 0.422623681282 2.25936381672e-23 1.00578832036e-11 2.12871068095e-05 1.36645267482e-05 8.30000701988e-16 4.16894730421e-25 0.00380160797708 1.02591377989e-26 0.00452174105363 9.61904309379e-11 1.10315734535e-98 6.51248871964e-21 0.00804458954771 9.9656908872e-19 3.04096463827e-13 3.01686970294e-13 0.053774823204 0.00142031207177 3.87004904956e-61 1.64360047151e-06 
0.026333698826 1.80210553365e-18 2.38059010584e-168 0.0472365230216 9.56220591924e-29 9.7339747401e-268 2.10827072231e-14 2.55629621912e-07 2.79689499819e-06 3.10110300114e-06 2.27222852488e-34 0.000139992086781 4.52872575665e-30 4.13737161762e-11 0.0495282976546 1.7085836902e-14 0.000252588801903 4.6936162647e-13 0.794608395631 2.6820470607e-09 2.50735259565e-18 9.09541911473e-14 7.01841912695e-05 5.37321492997e-07 3.32085396138e-08 2.13738634481e-18 1.69676482361e-14 1.68393697439e-14 2.3720847596e-05 4.63825642138e-05 2.47970998816e-10 7.71107084859e-16 4.82563455302e-15 1.88465530332e-07 8.93223089666e-08 7.94056246809e-116 3.52544056662e-20 2.62718917446e-09 0.0817531980935 6.69697485892e-13 7.77380043194e-16 1.3741104743e-17 7.47062163107e-12 1.11144926594e-63 1.07286261603e-08 
3.05475830952e-07 3.28587742256e-74 2.47790886157e-14 5.21806025975e-44 5.14281999355e-12 5.19547688687e-10 6.54819634807e-245 3.75285221824e-15 1.04394310328e-202 1.36941580846e-37 0.0475849366177 3.62768063261e-09 0.191849578791 0.119052947062 3.09800716568e-26 2.72451459991e-75 0.0106628387355 0.000363573666982 1.47827592002e-50 4.06867034821e-94 0.126602215091 2.20970807437e-05 0.000681392864116 3.86946983345e-252 0.0260469859638 6.05925175274e-20 0.000159545286022 4.60173714139e-10 4.67377925024e-98 0.152000064382 1.09278254729e-31 4.74630239654e-08 1.66169156684e-10 1.83343190839e-43 0.0110567076921 4.45613611519e-13 0.0188517207603 1.97036553233e-36 0.0186987162236 0.0450229431978 1.72150700813e-50 0.107959844518 1.57154362646e-11 0.0638143017379 0.0595692325947 
6.3880704327e-34 1.23364597831e-07 6.20134789034e-13 0.200659917199 8.49113899658e-17 2.19157127625e-42 0.00137513083061 2.84351053528e-38 7.22707906549e-05 7.17377250417e-16 6.5742452461e-20 2.72112658518e-56 2.6821966231e-29 4.45558394422e-35 1.05790526044e-19 0.383709711599 7.62851705834e-26 4.22702559325e-55 0.00017834112163 0.00493753068216 4.05417478918e-39 1.95468614357e-19 2.18205908498e-28 0.211636498058 3.92628226156e-37 0.124243582441 8.20996199942e-13 2.49378838454e-32 0.0096049797981 1.04468640416e-26 0.00400208166169 1.44945239726e-24 6.12247165731e-32 1.71555701357e-19 2.52782667724e-27 0.0167626957493 1.24355079777e-49 2.82939050484e-50 7.6621002821e-27 1.17809819259e-89 0.0108298304874 7.00717822809e-33 6.49352579952e-75 0.031987306215 1.9613577359e-50 
1.94645874926e-08 1.73784240326e-118 6.95278615396e-80 1.92203525367e-68 1.2268624113e-55 1.18154292368e-81 8.20438894755e-165 1.89979790025e-07 4.32724126619e-172 7.7972087082e-36 2.17874089557e-33 0.864576832523 9.20436124563e-12 5.43622567616e-15 1.01237524955e-15 3.59365201848e-159 2.32316960372e-07 0.0406912495439 3.03416093928e-93 3.03158918243e-127 1.31885468306e-12 0.0109261388217 1.55008155454e-10 4.41004469896e-176 1.41059931127e-19 3.83638853778e-95 6.44196829013e-64 4.81445721812e-15 4.31537189696e-127 3.84428250045e-23 1.73217780708e-87 0.0837691108523 6.50628754091e-20 1.09714182418e-10 4.95636035192e-09 7.24722119914e-199 1.19203235493e-35 6.77230409479e-06 1.89426834173e-15 7.22459331104e-21 9.159351613e-93 2.83055178701e-05 2.06743484098e-07 5.14216359587e-137 9.36700331893e-07 
0.000220956806858 3.2286104658e-46 2.37267776143e-50 4.49751306133e-32 8.49161105511e-62 2.00747840706e-83 3.11086981642e-48 4.31153011733e-24 3.40654096424e-47 1.18278026232e-38 8.09016633317e-51 2.8279686272e-14 3.81217356935e-15 4.63719735543e-16 0.355888862051 1.80192282775e-42 1.13385279491e-27 1.70150296808e-10 3.28430986047e-31 5.56266531618e-43 0.0349619553634 2.20319918973e-11 3.85939953969e-22 2.07829926048e-59 2.39178856721e-22 6.88394005927e-56 1.4299584371e-49 0.0144214527611 9.95238928358e-53 7.47015934043e-16 1.31534367633e-34 5.33865863361e-11 5.8824808805e-33 0.263524302026 3.91124162762e-40 9.40446515785e-64 5.1696207534e-34 4.15695196942e-17 3.10080783178e-16 0.0486550557244 8.94533047471e-57 0.265607545713 0.0167120925447 3.03773401627e-72 7.77676324111e-06 
0.130406494476 1.30571447348e-16 1.49465025829e-78 1.44028708949e-10 1.08275838995e-23 8.22872106544e-84 2.27575369334e-17 0.00112339915136 1.93406708209e-11 2.82078551849e-11 1.02302339668e-23 0.229612352292 1.79540223311e-18 1.15177273162e-07 1.62524693112e-06 1.09627582931e-08 0.0231678410808 0.0916433998491 5.50202428785e-10 8.17393399629e-12 0.0315522734016 1.65261128225e-05 2.9347089636e-07 7.77409194737e-16 0.0194447573195 7.78024969113e-22 5.23118597741e-15 8.02464485844e-05 6.58110015552e-13 3.51375364174e-18 4.40010277184e-15 0.115058726207 3.25353214357e-11 6.76447107378e-08 2.813042677e-05 6.81477732996e-91 0.142152603849 0.135193031249 1.87551962314e-15 0.0046052066133 3.92399531352e-15 9.50699419909e-05 1.83793967388e-05 1.82547490211e-63 0.075799448899 
1.54532958608e-21 0.000149567407596 0.113891590222 0.0292923951202 3.58598525772e-08 5.21596046695e-07 0.0152142230436 6.63406745135e-38 0.0338794893372 3.46750977056e-11 1.20899097783e-15 1.11369230271e-71 0.163142251989 1.07720625188e-25 0.295157589329 4.11451510979e-08 0.0174183581411 1.82126660681e-73 2.56334983815e-05 0.152215920069 0.0298439574908 2.1043670331e-36 0.00430972207349 0.000104464926871 7.18000081801e-40 0.0156421185808 2.71429853947e-05 2.46552728027e-14 0.000352367780618 1.52950180889e-20 2.43806863854e-05 3.5038596233e-53 0.117839400298 8.87794875152e-37 2.55912405252e-12 1.51499322023e-38 1.0264556937e-33 4.49358185261e-56 0.0114688188688 4.30852442026e-87 9.51316678878e-09 4.080334741e-17 4.09724718768e-88 5.40557253326e-17 6.51334716886e-47 
3.97642348245e-55 3.35211733358e-09 7.45995609591e-40 0.308923335471 1.00905386187e-06 6.43878444898e-07 0.0495032231938 2.89941915519e-09 0.0980446343497 8.59986527599e-09 0.0175068766632 2.52984450886e-52 3.02211699875e-57 3.2845061038e-88 3.94146658574e-68 1.38738985588e-07 1.5325440323e-80 1.55890243444e-78 0.184642471599 0.000447107259572 3.74791611922e-110 2.90999197931e-68 1.36343580272e-84 4.02112078425e-06 3.00103528847e-43 6.15957050411e-07 0.0342318516063 4.95142441177e-69 0.0495465893509 9.93411646912e-72 0.00590406579763 5.09665951281e-53 4.43071141672e-109 1.09902999272e-110 0.251221002979 1.04758787188e-88 5.0114944564e-105 1.85476402935e-08 5.13869744793e-97 8.48698022457e-69 2.23795827085e-05 3.86307270186e-67 1.81218079903e-141 8.51399524046e-19 3.21290015374e-25 
1.69624050812e-72 5.29827706086e-27 2.41918040571e-18 0.338094303432 0.441092719602 0.118821235791 1.09003720136e-24 7.29854210507e-67 2.00052813265e-17 5.84495947154e-34 6.03151578435e-10 1.10990247897e-121 1.63722557358e-44 1.80408658773e-102 2.16505107681e-53 2.09462431866e-22 3.55299951123e-59 1.50510770615e-90 4.17005713655e-06 3.51628627179e-19 8.82293987482e-53 1.69877477264e-139 1.12262689164e-73 1.17950343237e-32 1.56947353495e-78 1.73108436998e-08 4.35669519559e-14 1.22801566999e-56 0.101900418199 1.60881019451e-65 8.71342427759e-05 1.85433081443e-122 1.6672400837e-65 1.00014171842e-78 1.10337784819e-79 3.88489054336e-25 3.61031612464e-111 1.33546909124e-57 1.27925093771e-62 5.51869265633e-174 7.61912853159e-10 3.68525364351e-55 1.906665793e-123 8.1810332048e-16 3.29401346891e-102 
3.56393177584e-172 0.114260586081 4.14410451662e-19 4.91207518066e-09 0.0147167837193 0.00123440407654 1.21459824016e-07 2.402287441e-16 0.347227609111 2.35983680236e-11 3.7549882509e-12 8.44681051133e-78 2.98633089273e-65 1.20644412924e-138 4.69197117937e-87 0.120357799843 3.39449953572e-88 3.4405363119e-136 1.52467876144e-08 0.235349505036 1.42074455829e-118 9.66981244949e-129 2.82725807401e-72 4.08527631004e-08 3.60846890407e-57 0.0750874222163 0.0328676966901 7.72601131174e-49 0.00448562400163 2.79107532021e-60 9.81344163459e-10 1.34281567962e-69 1.139947454e-111 3.76087490749e-33 2.94483207722e-14 6.27927535077e-34 1.77969782024e-120 8.56893188627e-11 9.62736337698e-45 2.47000416362e-75 1.01767787277e-13 3.96406837933e-88 1.25495752337e-86 0.0544123856593 1.11719026469e-35 
0.000361673918355 2.19298352414e-67 1.34660576936e-119 0.00958401765913 5.80627604756e-26 2.25692267107e-103 5.42852840211e-76 0.0599388279834 2.20323900942e-86 2.91564664171e-41 8.32454255055e-26 0.0431811751688 6.66310618424e-08 0.0197836647073 0.0232648315759 4.99324209653e-65 0.14917543617 0.0375019624444 5.25451575405e-14 7.00230805746e-48 2.63369918415e-55 5.63804879526e-08 0.00021563536341 1.56557063104e-157 0.259651817199 3.20616148704e-32 1.88251569894e-79 0.134292579995 1.0706334601e-61 4.50561434698e-41 0.00294320441031 0.000251665411141 8.46898413302e-07 3.47059761252e-19 1.30019647226e-08 1.67117116906e-101 2.63104676573e-24 0.000816384130668 0.00124601343919 0.229413393375 1.39870674415e-13 1.32819828849e-06 0.0232130441786 1.46532651704e-81 0.00516236175926 
2.51292123792e-146 8.78925335981e-06 0.440076769265 0.308239569567 5.92603320862e-16 0.0615917907506 4.49628428696e-07 3.42561472443e-32 0.0706199464812 6.81644782811e-11 3.16038916057e-08 2.46418824396e-85 4.92573255444e-33 4.98583821919e-90 4.38561245553e-37 2.80057590585e-06 8.90440768283e-36 1.8467743514e-71 2.38751863374e-05 0.0242266227603 1.26348520236e-109 5.20843176414e-163 5.2876985388e-50 4.02008414426e-08 8.28702904255e-70 0.0511869942686 0.0297209276318 8.45872005928e-31 0.000622218381421 6.728021646e-15 1.87124383516e-07 7.3451480727e-82 2.11336934208e-78 5.45207772064e-15 1.62340571252e-43 2.54992225188e-16 2.30015373184e-102 0.0136789872526 9.2124509133e-29 9.66965450256e-137 4.72840063836e-16 2.27672481805e-68 1.61996220172e-62 3.78478560696e-13 8.14535936803e-57 
1.62102608787e-22 2.02774120877e-11 6.48443002009e-10 3.32412060482e-09 0.0723914701383 9.10737605509e-06 1.69210644661e-17 9.04150519548e-69 1.04916838903e-14 2.82236015629e-26 1.54580752038e-13 1.77704864155e-107 5.57311997083e-07 3.95566050608e-11 0.351128206553 3.89481679886e-15 0.065703397241 5.99771639477e-60 6.99859368913e-12 1.85545460259e-11 0.0573234838415 1.23339388512e-90 1.16952082725e-22 2.70580269491e-20 1.56669418009e-52 8.09580732318e-07 1.4380169526e-11 7.29856481382e-17 5.69047312606e-19 0.453436219438 6.7444465673e-06 7.1389803938e-116 3.31280776874e-22 9.93715128027e-57 1.91946218306e-94 6.63230432032e-18 5.74886874229e-31 1.55709575158e-31 1.18511840961e-21 2.53087372355e-138 7.33032670197e-13 2.02158909225e-23 5.00484828775e-116 1.42687186932e-19 1.15767025041e-132 
0.023485303102 2.83256742129e-31 6.80347513001e-72 4.41348369498e-45 2.22123183536e-48 1.59619132454e-78 1.5044366027e-29 0.0151475386195 2.70664446221e-14 1.00396112727e-25 1.42704959706e-31 2.32073789727e-07 0.0220158389868 2.99516924991e-27 2.25844562348e-13 2.09263812658e-35 0.00526658750404 1.07845056638e-12 2.63807657868e-71 3.57203901697e-15 0.00876346866318 7.47450036543e-08 7.28920333505e-17 7.2560583376e-30 0.014604128697 4.33455506907e-45 7.19720868611e-34 0.0246147490745 0.00571858128243 3.95816284404e-57 4.70232170398e-74 0.583221768216 7.34293679818e-23 0.0462359849787 0.105870415632 2.53363020534e-124 2.4344049028e-22 0.00105239019738 1.72618528337e-18 4.02831356989e-10 3.59391917415e-118 2.64875335009e-12 0.0166481517638 9.77913313572e-103 0.127354786057 
3.02725581791e-10 6.82289893439e-64 4.31891307846e-64 8.94781741927e-32 3.70891967599e-39 3.00150703283e-71 1.42077356454e-52 0.0317144261962 1.5419900302e-47 1.08913126988e-26 1.52758621076e-21 0.395929752186 9.4707684174e-09 4.22955655925e-18 1.91801834497e-22 5.21786194688e-69 5.65880988949e-15 0.0158437945604 1.80759644598e-41 3.21345805642e-53 4.14219541925e-28 1.91249497504e-08 1.49778924616e-08 3.10248857028e-43 1.24538314696e-12 8.95249758163e-52 3.16535478303e-46 0.00369042899329 1.87747032407e-41 1.35608618489e-44 1.08083375109e-35 0.300394790655 1.24310053052e-19 0.000126149459544 0.0011118495615 6.77595716495e-187 4.39630297078e-31 0.243421082511 1.12559183941e-09 3.07602239061e-21 3.09489578808e-42 4.00565442917e-07 0.00660505523191 1.3694696909e-117 0.00116222507685 
4.58605765534e-101 7.12850343931e-08 5.41966048808e-15 1.20604565833e-12 4.32128452494e-24 8.15731535198e-05 2.91140227786e-21 2.24798377765e-21 1.89663921255e-13 9.53216602005e-16 5.74545462359e-19 1.04185503666e-84 4.26579077564e-50 2.27022510824e-69 1.15024503963e-44 6.14054024786e-13 9.11467757919e-29 2.0772420666e-52 4.02225774731e-18 2.49322350888e-14 2.73298991039e-95 1.39387288646e-108 5.34368970314e-48 1.02660526051e-30 1.26404694947e-61 3.34461919669e-17 8.53264193455e-14 2.81334930833e-38 3.21795446951e-09 1.01828573934e-21 4.03854576349e-13 2.92387378508e-61 1.49761352791e-84 2.22054520471e-08 2.97185685818e-35 0.981534054101 1.33086083838e-88 0.0183842760224 6.77238599112e-29 9.39694695042e-94 4.5107834568e-35 1.89470743993e-56 3.94887204156e-52 1.21294130903e-11 1.20161610166e-62 
9.63486568027e-12 0.0847330610956 3.2667142273e-19 5.18292479804e-06 5.27453352507e-07 3.53716195003e-33 1.11973463103e-07 4.10253118211e-84 0.674170536542 1.21811329916e-08 3.68607753403e-19 7.37251031686e-84 1.50295292125e-15 2.21945936088e-07 5.81361810991e-14 6.0953640098e-07 5.47599390396e-12 7.63804213736e-68 4.58043360451e-05 0.0193219988905 3.61103630446e-11 1.53054517734e-100 3.35137225466e-06 0.000553297303444 2.1289665271e-54 8.12638042947e-08 0.07847259979 3.17936107234e-21 0.0411124279283 9.16159016901e-18 1.80983975833e-14 1.50758392701e-128 5.17447233787e-22 6.67187839842e-91 3.88904219652e-85 0.0278679853586 0.0323730059889 7.78874522768e-93 1.73829824564e-23 1.59470499832e-122 0.0413391840645 3.91160795609e-24 1.47002223768e-110 1.00735009693e-18 3.55307515503e-112 
3.80320601082e-107 0.107611557694 4.26932524475e-07 0.000300699292643 6.65896795459e-05 0.0653218094275 1.51494011346e-10 5.611803851e-11 7.47784773659e-07 0.0794289507662 0.100174006904 3.19452785488e-40 7.94232560588e-61 1.14229691261e-112 1.88826865391e-98 0.0603060625296 2.17562635433e-111 4.8095756326e-116 0.00212206062233 2.9518287383e-06 4.033187289e-106 2.81119797429e-123 5.39573979229e-95 4.13353335687e-11 1.71360567411e-52 0.163008985105 0.00625945242634 2.15546275453e-92 0.0402350228825 5.01143671415e-108 1.32552980757e-05 1.76333485089e-34 2.43845178644e-110 2.34005797162e-38 3.11141968724e-11 3.20206643395e-14 4.28892638945e-91 5.5969186004e-19 2.23152086249e-81 2.36581287641e-92 0.13416567937 5.53404410416e-91 1.14310600322e-81 0.240981741176 1.95748683227e-20 
9.35257203338e-07 1.54890057474e-206 6.27785406844e-164 5.75636690373e-129 4.49185938313e-137 6.38917760552e-172 8.38450116403e-270 5.04950042081e-29 2.15249751406e-265 4.26626935533e-28 2.12147512092e-125 1.06017411415e-07 4.29638576956e-29 0.0534608441292 1.48197112441e-19 1.27310359194e-255 0.542183360397 1.79524086271e-11 1.93568590727e-131 1.59415695466e-170 8.89965540157e-34 1.22448316296e-19 0.0177473907097 5.29554102671e-287 1.64345104813e-39 3.32760508438e-146 4.02076220462e-153 6.98175299643e-07 4.25398295711e-171 6.62371000127e-07 1.23728227096e-132 0.0213929606846 2.36284658296e-16 5.48255891516e-46 4.06952432346e-30 5.97216776919e-208 0.0930818836117 1.32559984257e-30 0.039152581324 0.23297816346 2.47706359027e-126 4.1378432424e-07 6.03760967475e-11 5.96709772739e-233 6.66266742166e-26 
7.00288842295e-52 0.031254775939 2.67890367688e-10 0.341121724202 2.04345180398e-15 3.6206261671e-14 6.02947217037e-10 3.02613607601e-15 0.251344930352 1.3686036487e-09 1.44557648081e-07 2.00082148823e-55 6.53074354287e-41 1.06197141375e-62 3.86359653399e-37 2.02285765224e-06 1.70263362743e-47 2.46136397095e-47 0.0176698883003 0.348712621626 9.13198980473e-16 4.37259715149e-29 5.98796386817e-38 2.23273694458e-05 2.23653726466e-42 2.3282625769e-09 2.15281104174e-08 6.08879586396e-28 0.00987140142985 2.50876227932e-39 6.11725077831e-11 1.08563320766e-30 1.05253263133e-44 7.57525963558e-13 1.35334022622e-07 1.55555047854e-42 1.47751948205e-72 3.23074012565e-19 9.12332358405e-29 5.11143565419e-89 1.87467082844e-09 4.27451745073e-32 5.92368078408e-70 9.58663853557e-38 4.9832415246e-37 
3.37793756859e-05 1.64561194636e-20 1.84601529765e-60 1.42477544751e-07 4.06408513085e-29 1.0294554048e-64 2.98572386318e-24 1.1793854246e-07 3.05008956225e-16 1.62551216765e-15 8.60340560333e-19 0.000880255180298 2.90636105712e-10 4.5504116058e-10 0.00978112928242 1.2119208408e-19 0.000692464473916 3.05988105519e-08 1.90807385893e-18 3.24325043766e-14 1.62608481449e-08 0.487194265509 5.79076941617e-07 3.76181588598e-24 2.0817785178e-06 2.13921783259e-27 3.8753051086e-19 0.28886571526 8.43610118134e-21 1.01867159737e-26 2.62703946473e-10 3.44346483648e-05 5.0750276939e-12 3.74560868805e-07 1.2152773849e-06 9.22717140328e-85 4.4782534484e-05 3.21983901092e-07 1.7235802334e-16 4.15604432687e-05 1.13845801764e-26 0.206307161989 0.00389660274557 1.2002680546e-64 0.00222296759203 
0.794539653144 1.91755269237e-37 6.31326620298e-51 3.72180593334e-18 4.10709134387e-23 1.07100773112e-52 4.67365474636e-38 0.0213367553692 2.83030128956e-33 9.53800486004e-17 0.0112645092794 2.36463553419e-05 4.1285870604e-14 1.73248985463e-15 1.0835166774e-15 1.15227040401e-36 2.61399022816e-05 1.59633208782e-11 1.40356027653e-32 1.11036059255e-34 1.47635524213e-28 0.101599655356 8.17291265114e-12 1.07343475007e-33 9.96801997943e-10 1.61482023826e-39 3.50669949229e-22 7.96936948336e-12 6.48682579041e-33 1.08601080341e-34 1.68400126855e-23 0.000320255323969 2.29086191722e-13 0.0059892560041 4.27404630812e-06 2.40421834329e-86 2.26431326873e-25 0.0229992460023 0.012889359407 1.26648750993e-14 4.99843870048e-44 0.0114395313714 0.0136140592109 1.2460559481e-56 0.0039536581991 
7.03685457094e-78 1.48323227264e-05 1.17189896135e-25 5.84072354191e-08 1.15081412524e-10 9.63455969855e-43 3.44845740821e-15 1.66195958351e-40 0.344011934794 2.50922912526e-28 8.72275618853e-05 2.4447627129e-119 5.55034867367e-56 5.89714499942e-97 1.07766198469e-54 0.0190683740277 2.08444831695e-37 1.21777193979e-91 0.174586676043 0.0135561579397 2.21372041856e-40 1.22270565823e-57 2.21575271516e-55 4.57303919285e-23 6.97985918901e-29 0.0175036499221 0.240178026889 1.88473673144e-37 4.97942320939e-12 1.84478465025e-86 2.40859705875e-14 2.05464637471e-113 0.00149646244333 7.66075723754e-38 1.65689827262e-97 1.08535633319e-76 7.3432212354e-33 5.67851717696e-64 0.135503195011 0.053993404517 1.46563969303e-13 9.22821005773e-28 6.83743438469e-66 5.2769566752e-54 7.18250149696e-107 
4.397265034e-13 2.33209638235e-63 1.13923463567e-103 2.76032526968e-62 2.27072904969e-77 9.85132630382e-106 1.12507920777e-68 2.50218799562e-07 4.82170976832e-70 8.68763265255e-36 8.84101409358e-58 0.0170880754702 0.0166855100144 5.14977685468e-13 4.16137901402e-14 3.12932326924e-65 1.59344728534e-22 0.0775767835541 1.40824614193e-88 1.47565677575e-61 7.83483403761e-11 0.0942960996751 4.58577602915e-15 1.13542731526e-73 1.17471779253e-21 1.01075969224e-76 2.53085392292e-61 0.319513427257 8.68168282408e-71 3.01622621424e-34 7.62237236768e-65 0.181232242169 4.79121233393e-12 0.00013181159348 3.69649927607e-07 3.07399757727e-205 4.56111538451e-33 2.79780809144e-10 7.82879561273e-21 7.93950165416e-22 2.90985894179e-101 2.0240106955e-19 0.0139980971042 3.16277206935e-125 0.27947733293 
1.14691518712e-163 0.013457092354 6.12380851487e-09 0.021715382466 0.0743665068965 0.0203709946352 2.73868713232e-12 3.43201675349e-34 0.0352113851443 1.6078458419e-13 0.0125449729253 3.27541425752e-98 3.92380874118e-68 1.9018741682e-84 1.36775994485e-64 0.409993828802 4.06601964576e-42 4.88395296211e-59 0.000367000335266 0.0398139480217 4.16351526432e-121 4.28486607121e-166 4.52997418976e-44 1.19730866263e-23 1.04421255049e-80 1.00719416724e-06 0.000768607140004 1.33854034747e-25 0.314238208039 1.55656421955e-31 1.19236183192e-08 6.19790056429e-78 1.26328734767e-119 0.0161862641136 7.72808549539e-56 1.08023957459e-11 7.18496135771e-146 0.0409647838712 3.64385890703e-22 4.74497234873e-120 1.33022945757e-17 5.20399104036e-58 1.53278580368e-45 2.52783458319e-26 3.54098241243e-87 
0.0712132882614 4.22871934671e-81 3.02072148532e-132 5.35090946018e-125 3.58627186532e-89 7.29794410708e-144 4.08796150169e-68 6.05635672008e-14 6.30240810302e-90 7.3648583272e-51 1.04259793648e-104 0.650462291769 2.07490626007e-55 3.19889290516e-34 1.36739765325e-59 5.02291595435e-88 1.59988679631e-38 1.31912744488e-08 4.32427643017e-104 1.40196518364e-88 0.00742350385467 0.0982924880162 3.10797159961e-18 7.71915983853e-89 0.0239169228711 5.38711403022e-86 6.64381671844e-83 7.46695156487e-12 1.98609410717e-88 0.00846440480008 2.7285331702e-113 0.000220038093611 2.50171112653e-56 2.88976386481e-27 7.72638138377e-10 1.33113505431e-41 9.64177874938e-23 5.10887751414e-27 1.36743283161e-23 0.0118080206793 1.89362833255e-89 0.0321000095727 0.09271451933 3.41121003566e-139 0.00338449878033 
0.350933010054 0.0106988339474 0.0421412170518 0.0518597319504 4.40794209431e-21 0.00720103335066 4.91196063966e-10 1.65949899052e-29 0.000243473595297 6.23654441541e-15 7.74677480601e-15 2.14206985982e-24 0.365622144911 0.0194306039184 1.01060093871e-05 1.77664961778e-07 0.0160265070197 6.66875702999e-60 0.0570224189805 0.00155921605379 3.28868943679e-17 2.4649365805e-25 0.0149328412692 0.0255612193277 1.78051787263e-25 2.40038881349e-09 0.0367571146725 1.48229965128e-07 1.98924163324e-07 8.0217805736e-23 1.73213835373e-10 1.0662141706e-48 1.10014198812e-14 1.14673756462e-35 4.15010943649e-22 2.48376992884e-34 2.12227241843e-21 4.98751222025e-36 4.10961924632e-14 1.26937835694e-64 3.80975690535e-12 1.22158969488e-13 6.64454096583e-78 1.50344949191e-55 5.54949324192e-40 
1.07629415417e-265 0.0298607964497 0.00609992560837 4.1173279917e-18 2.82409458155e-13 0.0930573155687 4.69827188591e-14 0.210775317173 9.21232467469e-06 0.0288293115183 2.50864462747e-23 1.14883831042e-63 1.44949170308e-65 6.49238066413e-203 1.08748191879e-180 2.87612415761e-10 2.32782125332e-221 3.6780412981e-172 0.365991990278 5.14776498101e-06 1.16906727764e-163 7.04528066696e-136 3.27799529459e-110 4.31912257349e-09 1.83878957846e-51 5.20571988659e-11 0.112329227709 3.08508270857e-86 0.0202139020672 1.55045310206e-137 9.1136005055e-12 4.23884635423e-62 2.17716478639e-242 1.97983527953e-42 0.00372421376554 1.76773944506e-14 9.48587596396e-197 3.35557325063e-05 2.67302816766e-86 4.91283540508e-163 1.70590282731e-10 9.90547078404e-112 1.02804354614e-85 0.129070079201 2.41246114479e-33 
3.23345246213e-117 0.121273573562 8.37654746679e-23 2.68871305303e-09 0.000331992926088 2.31173644972e-24 0.00728514649402 7.94415207976e-119 0.298526408867 3.08286152652e-16 0.00715241676278 1.49451897038e-155 6.06724597562e-64 3.42624960677e-130 5.39968786958e-78 0.164899076875 2.09940575852e-71 1.63144295462e-148 3.70924214603e-08 0.0570433227676 2.18690275568e-68 1.52259710453e-96 8.23678186505e-88 6.70235376565e-10 6.44796931478e-56 0.000354444921441 6.69681209126e-08 4.11868862844e-101 1.88407545108e-05 1.54543656174e-140 0.0182697519527 2.1742588681e-161 7.17847773935e-52 1.83588480231e-89 2.61120859598e-145 1.41757251112e-113 7.37572008032e-111 9.05315275481e-139 5.18112372221e-66 1.71270912688e-174 0.324844916698 3.81144667917e-40 3.34861825738e-131 4.09863791057e-20 1.3945711318e-154 
3.44672648385e-35 0.00027892934899 2.90659444221e-07 0.000304395556524 6.13201373624e-17 3.35230393224e-37 5.22294121468e-09 1.15638169387e-33 0.321436708252 1.38389347555e-06 1.04030556338e-20 2.77024961776e-65 1.05680877765e-31 1.35132388667e-22 1.33362753181e-32 3.46430861844e-07 9.99548312237e-32 2.78918807873e-101 9.67809378955e-06 0.584552753777 1.00645796729e-81 1.7819327794e-35 1.57392921833e-36 1.40252934311e-08 9.74554805794e-42 5.34984757339e-10 0.00111970967105 6.63700162258e-31 0.0922753110295 5.38601727721e-43 1.39157268948e-07 1.37685703042e-69 3.65516902225e-40 1.7929294877e-19 2.67907825847e-29 8.53768268939e-46 6.27801333787e-81 1.3598617323e-48 6.37836968121e-25 2.34030365133e-85 2.03343471991e-05 2.54286487465e-29 9.2948669094e-79 1.13779979837e-24 6.57763116218e-47 
1.24282373036e-44 0.121011400288 7.01048392936e-22 3.61884520179e-06 0.0912252177464 0.227518982261 7.95466472881e-07 3.30260653047e-40 1.54971907817e-23 2.50104035109e-57 0.0663087232699 1.29414019078e-23 2.9517117742e-14 1.04826986998e-56 0.0304684298927 7.01962817069e-17 0.00800121898375 1.43140177823e-11 0.360993349279 3.09534229489e-07 1.35082928942e-51 3.27148679683e-28 1.5247420805e-45 5.62555099054e-74 9.82408212e-57 4.45025075222e-11 8.50451795218e-14 0.0459383893166 9.07990293097e-34 5.44955415398e-103 1.34954559052e-05 3.15444408975e-20 1.87337265677e-17 0.0160876078677 2.1358963783e-37 1.16084617649e-127 2.55941191802e-68 7.8001887746e-71 9.21636055663e-09 9.12669918154e-113 3.05707065044e-11 3.31160248783e-40 3.79654266319e-39 8.29097283616e-76 0.0324284524871 
1.45752024414e-81 0.0207062747601 5.98710280765e-42 7.83640069283e-20 5.29918572214e-46 1.46779372261e-36 1.26144157424e-14 0.149172282829 1.75809581998e-08 6.20118990324e-14 1.31169307087e-44 2.8484258455e-36 4.02632733099e-72 1.42484209272e-71 2.29292237611e-81 4.12648817534e-11 3.15902672548e-95 0.0192423475023 2.97363785259e-06 0.00018921399402 1.47010169467e-67 4.14770387008e-67 1.78705179181e-43 0.115943354946 1.68284120677e-37 8.76498893808e-19 0.0639368569138 1.1531638901e-48 1.83707841924e-10 9.88648344626e-109 2.39781418269e-14 2.21492181821e-45 1.78186113256e-84 5.09934414316e-11 0.111228417108 0.178279482018 2.48709246099e-139 2.71405934463e-15 1.04530322463e-59 1.25394390058e-164 4.71564629726e-42 9.63018127015e-34 1.99511718173e-31 0.341298778434 1.19000723034e-29 
2.20626678361e-44 9.28872438844e-08 0.202134445355 0.184834211189 2.71829297373e-18 3.58100037041e-33 3.45035140353e-08 3.82313866205e-53 4.52601088603e-11 5.41140993114e-28 1.024317829e-18 1.53778800312e-66 5.77674890948e-34 3.19692803343e-67 2.75509704765e-31 0.00138051570247 3.99363545489e-28 4.74054544354e-60 2.60383598081e-09 0.00238090010519 3.25183728821e-31 7.72718566925e-20 3.28358474253e-34 5.15540721803e-12 5.56060962591e-47 5.61322659764e-14 1.02148930949e-09 3.22341025883e-32 2.30136194898e-14 3.54252639149e-28 7.79008961272e-06 1.50921409574e-28 6.87273294767e-42 1.68024920428e-17 1.12816376176e-38 1.34981534735e-39 4.04314439274e-41 3.27782115823e-65 7.47454568923e-37 1.52240504889e-104 0.609262006493 4.07788394632e-34 3.33651134051e-69 6.1996602806e-57 1.49397062402e-71 
2.27724370128e-121 2.24133757873e-07 2.07693842048e-17 3.85993162666e-08 2.70929892577e-07 1.34635993971e-10 5.47447238789e-08 8.51072590587e-07 0.3544823925 2.75181762298e-10 9.2536523134e-07 4.84849703273e-68 2.21211376706e-72 8.91517592584e-94 6.07365234541e-87 6.87661270693e-08 6.78328182901e-36 1.83270453888e-81 5.4069779056e-05 0.0822843205578 5.80436828084e-124 1.81932652423e-110 1.60327887231e-63 0.0842871767742 1.37057842716e-43 1.18353615169e-13 0.127281974523 9.33838900225e-58 8.123014939e-08 4.08559910676e-49 9.95877035927e-06 3.78680388188e-67 3.6821009822e-56 0.208360157318 0.0178002319443 2.96021741363e-11 8.93765265665e-75 0.0454606928087 2.85469471362e-48 1.30086471372e-132 0.0320711977872 5.72846778511e-70 1.07932700159e-49 0.0479053119555 2.82930339015e-38 
5.56227395919e-170 0.0243931803538 0.0866046827958 1.82470244765e-06 1.97244891741e-14 0.0673775012993 3.31270127266e-12 0.0207187898223 0.00177578263193 1.33263821633e-12 6.00470596908e-22 3.63499961652e-52 3.32452421741e-64 2.01205031357e-112 1.16496761839e-88 0.181896240451 2.72446222611e-83 1.01534648106e-112 0.0420136479608 2.10443193424e-06 5.24239657986e-94 3.75624340885e-125 4.67702552763e-67 0.0327242129933 5.81147250717e-38 6.01436676588e-10 0.000284923912092 8.08751827098e-37 4.16601021513e-07 1.56156114022e-69 2.15531664837e-12 4.98442617236e-51 1.36065049701e-114 0.307436837449 0.0619379726101 8.04741085773e-23 9.01464050642e-139 0.158111849605 5.62272235124e-33 4.44962712479e-140 0.0147200317708 4.10277720037e-66 1.30646320498e-59 6.60784351166e-42 2.63402845622e-21 
8.92570173784e-18 0.122508475295 0.0416121992665 0.0291633070453 1.56650113242e-13 4.66510254139e-14 6.08165010959e-08 5.10263330143e-17 0.000434160663881 0.0140029299857 0.00895260427063 0.000438213519971 1.57521864988e-05 0.0451877111177 0.027884523627 6.36383018009e-11 0.112567324365 0.0222979136753 0.0213819173834 0.0174079152825 0.0444604391126 0.000149947047435 0.00178058979767 2.00300486547e-08 0.122643804627 7.12598818594e-11 2.07621768317e-06 0.109066213776 5.41462209136e-07 1.08920720526e-26 6.94723983372e-06 9.04579182969e-07 5.67120377624e-27 1.59873398596e-36 0.00700329753148 1.20989158447e-136 0.251029379479 2.26625848285e-07 1.24062151949e-38 1.30429650298e-19 2.49511718225e-24 5.14304434823e-07 1.22665292347e-20 8.25289704929e-81 8.95336908691e-08 
3.77758877106e-79 0.022084684755 0.154006895826 0.0673526633525 0.31409747077 0.0271519262532 1.28974463062e-14 7.04473043963e-12 2.75193399869e-07 7.71044700979e-11 0.0592985694212 3.45878955054e-39 2.62158147048e-63 4.95874409884e-77 3.92706691425e-104 2.81320008412e-12 6.17611295367e-80 4.27876365078e-64 0.178097167854 0.0473116684359 2.14502308879e-107 1.41011672994e-110 2.26281015889e-65 8.84846157225e-18 1.85141039962e-51 0.00669314811811 0.0296503834511 7.29320561626e-97 0.0874455489749 1.31729692996e-106 3.59126908964e-06 2.70671739626e-38 5.48320624696e-68 4.36718753497e-47 3.2320164151e-12 8.04322406643e-31 4.56610892237e-76 9.96650203593e-10 1.27470502453e-70 1.48003422399e-78 0.00680522349274 1.74696024897e-85 6.51839016363e-92 7.81745623138e-07 7.92024546044e-16 
2.9303780161e-40 1.8597383527e-15 0.0327803040444 2.9961980475e-08 1.82300723747e-07 2.81975912197e-32 2.16473928651e-10 0.0204171926286 8.35498445834e-08 4.47076645361e-13 0.134878965519 3.48393520627e-78 2.3682836439e-15 4.64539053548e-67 0.124581813555 0.04488983994 1.02059103702e-21 9.80570966672e-79 5.38653224288e-09 2.28291607927e-10 0.040003595593 2.83676777379e-34 9.75545523026e-28 1.76328413273e-08 9.45811709891e-15 5.73117292957e-16 1.33813524373e-09 0.0727398113043 4.32604586824e-08 5.79007893365e-68 1.52025092236e-11 8.85854435147e-77 6.23775001717e-23 0.231841281578 2.05614330883e-81 3.74354991643e-84 0.120158466023 1.54196300698e-26 4.46247319438e-22 6.06680016837e-116 1.01272747909e-05 0.177698238649 1.43634769071e-24 3.12443283122e-58 6.44552317861e-81 
9.69922775841e-15 7.99213099184e-17 1.90180331198e-46 6.1655070703e-08 2.6198669115e-11 1.4435418951e-20 3.97011507103e-32 5.23476193856e-11 3.25893234669e-49 1.4789565225e-59 2.25929052718e-08 0.00252187724154 9.81396216174e-15 0.0143213763194 0.0195992324886 0.0100559026177 1.17001347654e-18 0.279857779528 1.15205783357e-06 2.40275218135e-32 2.57183300286e-44 0.0923169100458 5.66612322238e-20 2.433867216e-98 0.0527743319053 3.58923894234e-10 2.2078922891e-17 4.41822316905e-07 5.36322701568e-43 3.22990029479e-47 0.334837923769 0.0462606857233 8.54150176134e-05 1.09799883994e-46 0.0575909645714 2.07398691062e-136 7.61329572777e-34 0.00661248366145 0.0448773142044 5.17349877513e-47 3.62477308066e-06 0.0380242725724 4.17993566384e-40 2.09038597561e-93 0.00025822699545 
1.64042011565e-07 0.0427147314839 0.0379883112046 0.0145666543354 9.41050792832e-17 8.07296285557e-30 6.04238877234e-09 5.55440050657e-05 4.18290472986e-06 2.33399955772e-16 1.34775390413e-09 6.02513602167e-35 2.89773752468e-09 0.000132520645927 9.20808858215e-07 0.000425260554412 9.76714414422e-13 2.59410013461e-54 0.000945959276835 0.0451171729111 6.83382374497e-16 0.0684337973695 6.99451675698e-08 1.58634513404e-14 3.37850534288e-14 4.30521148481e-08 0.186893514217 0.274759206505 8.19654454347e-09 1.14876131793e-06 1.40490781148e-09 3.86126204895e-20 0.0200296467636 0.0278724987175 0.0893771401392 9.9462692181e-107 2.24730900325e-47 0.10411693055 0.025440812536 1.17409530542e-64 1.33551191643e-12 0.0611237493792 2.71576916411e-54 8.3402743492e-83 8.27827887283e-18 
# The emissions
9.65589964875e-27 1.70432844893e-23 7.44265315968e-09 0.707018429568 1.43974334552e-37 5.38056508566e-24 0.100947378373 6.30535704876e-45 1.17889024822e-23 6.43194249329e-21 4.14414146028e-35 5.92933856301e-11 1.00999569073e-13 1.0880935858e-06 9.48372254919e-26 0.00153159639758 6.28071321756e-192 5.32831001511e-12 0.16444823634 2.6152625174e-08 1.06578804152e-166 1.80864717058e-15 0.0 5.83972002609e-29 8.64231513614e-25 0.0260532375684 
0.99856706499 2.37561506926e-67 2.98068646965e-45 1.53891652156e-72 6.33458697411e-06 2.61008153621e-85 1.69725367833e-92 7.67307733623e-181 0.00119453831497 2.30225944296e-185 1.20558986408e-63 4.8334419586e-45 3.92091098369e-154 1.87115551973e-76 0.000232062026313 2.84175830625e-92 5.78990389317e-283 1.20955180891e-31 7.37331036644e-46 2.02672748073e-102 8.15763362141e-11 4.04416612749e-162 0.0 9.44317779642e-231 4.26715793758e-44 4.30063579265e-75 
2.88485298838e-13 1.45203643851e-94 3.14235272483e-30 5.81713562973e-56 2.27912452605e-05 7.70262197736e-61 1.05798984093e-38 5.60265143423e-11 0.999977208691 6.17837074173e-97 1.90122849271e-25 3.09500800921e-30 6.8550386436e-31 2.38637265497e-55 7.7328029593e-12 7.05302533073e-29 5.94456218914e-208 7.12937201557e-22 2.55467581e-35 5.05376351086e-27 4.88445839076e-23 3.91519101373e-60 0.0 1.97300889363e-72 3.5205094627e-90 1.19205073396e-45 
0.0001026690434 1.15227127542e-79 4.47924232191e-70 2.66959757085e-64 0.977782898288 1.31675931889e-87 2.6441656674e-63 1.32112649931e-153 0.0137513546735 1.83028253833e-206 4.08078822924e-55 4.82844635081e-84 1.30776082786e-187 7.17320106326e-87 0.00836307799556 2.41046957746e-71 0.0 7.15636471343e-52 5.20509794952e-41 7.96925302053e-83 2.41904176378e-25 7.76130623554e-203 0.0 8.41153762968e-201 1.5693134351e-66 9.172853993e-90 
3.82436517049e-12 4.78673688537e-116 1.89231852363e-95 2.64211415039e-100 0.398152065 2.0611200494e-108 6.6955164308e-106 3.63286285855e-119 0.601843410929 9.50010451754e-154 3.25782026327e-119 1.9528139259e-58 2.75861490785e-120 2.13851378968e-71 4.52406767646e-06 2.09453636711e-105 2.26540195131e-300 1.54786864166e-21 1.40118751331e-45 2.37821404958e-102 1.40593830499e-17 2.14916250918e-149 0.0 2.49318369395e-215 2.9137958336e-90 1.24842638396e-146 
3.52036892484e-20 4.09897673048e-129 2.40522248427e-69 4.63709503697e-49 4.10202288582e-22 5.2973704048e-107 3.13337922954e-62 7.05709292822e-56 0.999999999918 2.12530654831e-172 5.28877734784e-93 1.88305612655e-11 8.98360662249e-28 1.322873618e-51 8.23228367139e-27 1.73676329024e-21 0.0 6.35338002188e-11 2.90282954675e-59 1.46820431804e-64 2.16819751538e-16 1.49520036661e-75 0.0 1.40780898296e-218 1.4941933625e-114 1.56076128867e-93 
0.647903737389 1.75967116488e-55 2.61953896146e-37 1.09432761589e-39 2.67332867739e-11 1.17824079007e-54 3.91067622315e-56 9.89529812423e-73 1.32493730583e-12 2.78308255217e-62 3.84281831347e-54 1.30879390872e-47 4.35481540915e-47 3.1455101055e-57 0.352096262583 2.32354964162e-50 1.28713404747e-100 2.77764138538e-69 1.2835686338e-37 3.2562908681e-50 2.4121888646e-28 7.74773518826e-57 0.0 7.33674698226e-267 2.13002132567e-29 5.20930107224e-134 
2.66670732208e-37 4.82655590568e-30 5.721052443e-37 2.36520225748e-23 6.96039465023e-35 1.26234186039e-41 2.22792871251e-36 1.54624735e-51 1.07667608749e-12 1.69577315575e-32 1.03255260822e-77 0.0222684547567 8.62161574319e-28 8.89521288166e-19 4.86044517386e-33 1.51370936857e-35 7.59457583166e-93 0.977731545242 6.13489771957e-22 4.2800803912e-33 3.340660503e-23 6.25338938913e-30 0.0 1.40806156055e-38 6.80352647267e-28 1.70739257274e-19 
0.250139353154 1.35172639724e-94 2.81338541769e-150 6.77477763177e-138 9.3491749218e-08 6.5559745574e-280 2.27665630264e-93 1.8492227779e-207 5.24718072135e-18 0.0 2.10315912087e-75 2.59200805873e-56 1.14668932788e-266 1.65030911542e-141 0.749860553354 2.294266448e-76 0.0 9.66573891877e-61 7.74781902086e-27 5.87375288745e-110 9.30683746872e-20 1.19356641106e-313 0.0 1.02586298795e-292 3.86567420698e-149 8.17145364471e-94 
0.163819926726 3.53180155939e-71 3.2618065615e-34 1.80952530849e-106 5.40594613677e-19 4.11056147288e-187 6.52912534253e-107 3.78297849955e-103 0.000535552216249 4.11446449726e-168 8.46431815166e-107 1.51519175096e-39 7.34326738112e-140 6.01725900256e-46 0.77595302382 1.64532389419e-166 0.0 0.0596914972376 2.86515257527e-24 1.72635804763e-156 4.12794514951e-17 1.66463489536e-148 0.0 2.64803291385e-119 1.16611080036e-35 2.0421829315e-52 
9.59817849007e-07 5.68936614851e-90 3.91166177822e-64 9.66259650504e-62 0.123946507551 4.46648920453e-70 1.15847993719e-77 9.08115577639e-99 0.876052531814 8.61008899435e-197 4.41654550651e-60 1.67190226871e-50 1.33512612628e-103 1.25115751842e-52 8.17037205936e-10 1.39431606411e-75 0.0 1.29954633512e-22 6.07669890085e-50 3.02363760186e-88 3.23343176118e-13 1.16782074348e-163 0.0 9.89266717291e-266 8.32242647678e-54 5.06262647674e-80 
1.66950764096e-48 2.10034431811e-41 5.56509832752e-13 3.6842295276e-20 1.15219852216e-55 4.85534731721e-80 1.84488193786e-41 1.74903276217e-22 2.13931049045e-74 4.9122724884e-45 2.3895612983e-75 7.44615655582e-13 2.51107355583e-18 0.133694283756 2.73504896493e-35 5.87138473995e-39 7.10734786686e-285 0.138483593544 0.717934654542 5.10414371747e-38 2.31621166715e-84 2.33177377812e-16 0.0 0.00988646609588 6.42864771446e-15 1.00206092104e-06 
1.43628020807e-14 3.4464199503e-49 4.88299227141e-12 0.0785235671904 0.000872596751015 2.66536015559e-30 0.00412960980467 4.37641359907e-34 0.000760457209821 1.10443416932e-37 0.0188601044113 8.805547078e-32 2.5562620732e-17 5.64053640378e-25 1.25568333831e-13 1.52328903302e-12 3.89421218199e-214 1.22689968115e-30 1.44225649492e-17 0.896853664626 5.04313332945e-22 3.56399345941e-58 0.0 1.03756297242e-68 5.59418723669e-24 1.45642952107e-27 
1.68109709157e-26 3.99043268445e-17 0.00030857141543 8.53829291857e-06 3.16298541774e-36 0.517966619653 1.51917331653e-12 1.18007407842e-15 8.26739061686e-34 3.65086965072e-18 4.07160249007e-10 0.00164906113421 8.82746230673e-08 1.94369616855e-09 1.52299195711e-18 2.02515976074e-25 1.81261273069e-264 2.40179044591e-13 0.381233775706 2.33735181535e-08 2.98863567717e-237 2.4064988745e-10 0.0 5.49617978285e-18 0.0988333195579 4.0937362337e-27 
6.30614908654e-18 6.90809734162e-40 0.139299934641 7.74330233235e-14 0.000248964223077 2.96302721101e-35 2.19202580839e-17 3.96824106494e-34 7.97565714905e-19 6.03977798217e-45 1.98848883952e-14 8.96827210257e-15 0.0344322940581 5.19500405356e-20 4.44250636625e-15 5.72199102385e-06 2.81638459823e-77 1.68540429231e-20 3.91867723125e-29 0.826013085086 1.3154524374e-134 1.29128125772e-24 0.0 3.3915194384e-48 6.35157035292e-29 8.09704119809e-26 
0.964016018483 4.11085346498e-85 1.29849037212e-113 6.7731527525e-112 1.38388209609e-07 1.48801388774e-127 2.22658911138e-88 1.77029723079e-115 9.64524339885e-08 7.25524028233e-152 8.30148313366e-66 3.06510316616e-45 2.2842005105e-122 4.27142733205e-72 5.70618847319e-08 3.42597367911e-80 0.0 2.57613597498e-46 1.19450673951e-49 1.35414707802e-127 0.0359836896147 7.12808513855e-123 0.0 4.97800189425e-177 3.01732948965e-97 2.02087173369e-88 
6.28818505427e-27 1.36732399733e-19 0.863761360088 0.0384892562605 3.12263024921e-24 1.12857199349e-10 7.9036073711e-26 5.04846844188e-40 1.95454947547e-43 2.58250454012e-22 1.72115025158e-30 7.35603423019e-13 5.12998957531e-16 6.0214115323e-10 3.22452000044e-17 0.0670947355427 1.21586827803e-150 4.03007477469e-09 4.36771990842e-08 0.0185705091067 1.50760503634e-131 6.84143069758e-09 0.0 0.0120840837379 2.34245662983e-21 5.17346562044e-27 
4.10649545934e-25 1.94675849386e-64 0.370451009128 3.15573686611e-31 4.64729387027e-38 5.88590823713e-40 1.15655041936e-98 1.0377863246e-49 2.67223389293e-73 1.75265811257e-60 6.87510067171e-71 0.0188706882983 4.35089510551e-56 0.283081712166 3.22222347036e-20 4.04157505428e-63 0.0 6.52023303876e-07 0.281122731114 3.85340098102e-52 7.62318072545e-49 1.09877641617e-40 0.0 9.50412293069e-32 3.18822518266e-14 0.04647320727 
0.0319200309067 9.77082281513e-56 1.84334088828e-90 7.42767331077e-88 0.968051286219 6.6514759207e-128 7.6792198378e-75 5.40327169897e-190 6.32784016497e-11 1.62998174521e-156 8.61255302355e-82 7.91315568448e-50 3.65164738781e-153 2.54845851731e-66 2.8682810511e-05 3.01383469402e-59 0.0 8.12550181171e-31 2.86876991479e-45 9.82204533669e-103 1.18993883692e-23 1.58288716702e-139 0.0 2.22518217656e-167 6.41065187469e-81 5.78010200006e-76 
0.737469753256 4.48606057901e-72 3.57962655296e-65 8.64968463227e-93 0.0255247246349 4.94425301383e-305 1.9747443582e-68 3.19318673687e-221 6.58528284917e-10 0.0 4.06962178381e-30 2.41063196487e-97 1.97550038829e-315 1.29566259603e-120 0.237005521451 3.05544988114e-52 0.0 5.03326609669e-65 1.23856405518e-77 8.91709959192e-59 1.54546916328e-21 0.0 0.0 0.0 4.00445902911e-102 5.94753842593e-115 
6.13865490901e-06 0.0214302388686 0.421199467665 2.61285477019e-43 2.85014692098e-35 0.118166859899 4.7123126285e-07 8.17148925729e-22 1.61057332007e-54 3.91492660287e-14 4.42761229065e-24 3.53792753833e-22 6.16358746628e-22 0.000313972431975 1.32439538151e-30 4.64697290608e-10 0.438882850785 3.45549694337e-58 1.99483277125e-21 2.64933005444e-21 8.91243441507e-147 1.18980776869e-23 0.0 1.80726515002e-148 1.32026908824e-18 2.08543238329e-51 
9.33027704616e-37 2.59168510474e-12 3.65760200414e-17 6.23004569472e-08 2.24177409648e-55 9.33648946648e-40 0.000868012801777 1.65717142941e-29 1.00549751032e-53 2.39301275454e-13 2.29302313501e-31 8.96494314946e-09 5.7497826142e-09 0.870635015337 4.59270258394e-33 6.24576763248e-05 1.05544845183e-154 6.17269727336e-07 4.60611801384e-10 1.14606965728e-08 1.47788318179e-151 0.0173949406657 0.0 0.0146207121852 0.0964181527367 2.38780278288e-09 
2.9991640482e-11 0.0549781660554 1.04028575759e-08 0.0411486598273 8.39566770742e-79 0.043455990938 5.68848532937e-18 1.06469491773e-07 4.91113712354e-86 0.0363014708908 3.22378008805e-69 0.0399525209277 0.240335053004 0.129072507016 7.78951838349e-11 4.81041142636e-10 1.91309543548e-53 1.3226723764e-17 0.340278584541 5.98512713552e-05 1.69469251061e-268 0.0744170730946 0.0 6.2892083438e-84 4.97141650217e-09 5.63375030255e-92 
3.44721816952e-07 1.45084378512e-232 3.22298616868e-79 1.91197138086e-144 1.82130791864e-14 6.82609951934e-312 3.64270227539e-149 4.79551373351e-242 9.6124311209e-17 0.0 4.4328028575e-42 1.27722103531e-149 9.49121192462e-206 5.44372647551e-156 0.999999655278 1.73559427668e-146 0.0 4.6193468454e-92 7.77099558511e-53 5.54081159393e-143 3.77209080401e-17 2.93191295701e-315 0.0 7.62794348419e-244 2.02474296687e-167 8.41715069587e-179 
2.66490247225e-35 0.235475383458 0.000441630208219 2.24837832066e-08 1.17407585928e-28 1.02773282828e-11 0.100789743799 2.5998599723e-61 6.72346036246e-43 0.341834652591 6.15737925141e-57 4.89259220499e-05 0.000228880289585 7.96199217921e-06 5.16850999765e-26 3.74362736837e-30 8.25021945738e-287 0.0506476971756 0.0446323883527 0.0173660918906 0.0 0.117639867325 0.0 4.47634098788e-13 0.00424657850114 0.086640176 
0.188599958016 9.79241253844e-117 2.60040549055e-67 4.6712046781e-118 0.250585653385 5.61996969466e-150 8.1120481616e-130 7.97245207437e-194 0.530105580312 0.0 3.06056266661e-59 3.66711215477e-104 7.85811183441e-235 2.92489702931e-144 0.0307008783005 1.09301390755e-123 0.0 1.72060847642e-36 6.30607438366e-80 4.96373335116e-141 7.92998724579e-06 4.39269912149e-244 0.0 1.7693156184e-307 2.07926187666e-84 4.96947310652e-133 
0.618053995501 1.11847765681e-73 1.3341800297e-86 5.27712023978e-107 2.67885006577e-10 5.26055082499e-132 2.71968743161e-102 7.79489330272e-119 0.187270958834 5.12538765385e-169 4.79183686567e-33 1.39395928087e-78 1.83073286004e-103 1.88668725829e-95 0.160237990807 7.12703926384e-62 0.0 1.86209963225e-51 1.20359441449e-30 1.2760788375e-103 0.0344370545894 1.3851368738e-132 0.0 4.78707716755e-239 1.07017653733e-98 5.55400662659e-118 
1.56193654109e-35 1.05294890365e-07 9.75911223869e-16 3.33457981133e-10 5.14746871474e-37 1.07525008675e-34 0.00540738545505 6.79798190733e-38 2.18400752557e-36 8.98799545759e-21 7.1809542177e-22 0.121887282589 0.788033536275 1.29352534908e-05 8.76145067921e-33 2.49948411776e-15 1.40326861306e-186 2.01854479311e-06 3.3532452542e-07 3.65292020235e-10 1.90439168174e-112 1.60000605583e-10 0.0 1.4064678314e-14 0.0846530868695 3.31353551792e-06 
0.0492123848214 5.39858835963e-102 4.80400585419e-51 3.12221397132e-115 0.187669306122 2.40804108114e-198 3.4296809236e-99 1.97877263286e-163 5.60632215558e-19 1.04135664329e-244 2.48055520631e-95 2.71611503205e-77 2.72720456343e-178 3.62716535466e-106 0.762865368386 6.24105475156e-154 0.0 1.2138421971e-41 2.88603770753e-27 1.52185666952e-104 0.00025294067122 2.82682093131e-215 0.0 1.28923553596e-221 5.36249556828e-112 1.66741727296e-80 
1.12293360926e-40 0.00387781339141 0.41617978357 2.12168987772e-05 2.38777786074e-29 0.0156474666554 4.74045118472e-31 0.548019327754 1.15781112303e-34 2.70937604205e-30 3.71802346857e-38 3.31203495565e-19 8.20548628131e-06 4.40283221598e-13 8.10223762018e-31 4.13353590365e-11 8.24270716682e-155 1.1038217713e-13 0.000278874947656 0.000253587866526 3.47912503662e-89 1.16076729378e-14 0.0 1.38810727796e-79 0.0157137233878 6.67980449838e-112 
1.30480092086e-10 6.54920977507e-102 1.57313791467e-67 1.71865985312e-42 0.878070228433 1.70044628162e-73 1.48430657278e-57 2.51873872366e-201 1.88988849728e-16 5.27438143847e-280 3.86433668777e-124 2.25773150323e-62 2.86526741077e-185 3.2294487973e-64 1.54973254943e-11 1.362133113e-76 0.0 1.37813054039e-92 8.31634300893e-27 7.45331638419e-81 0.121929771421 1.71958266048e-234 0.0 0.0 2.84461268885e-24 5.5268571766e-55 
4.18014872057e-42 1.53028912498e-34 8.32179398811e-32 5.8485950451e-24 4.22807612173e-44 2.99658683853e-74 8.3176793079e-39 4.98150880586e-67 2.29398850096e-40 6.63908218211e-41 1.36620093989e-97 6.90099477099e-16 1.08809607714e-39 0.782521171325 7.65897832506e-37 3.83528804164e-55 1.45489674778e-227 0.217460741177 2.15583561148e-06 5.54048232668e-34 1.3440342265e-32 1.90322374857e-34 0.0 6.92371886536e-48 4.25474983012e-22 1.59316631713e-05 
7.20194440503e-25 1.06864746728e-15 7.75898846563e-05 0.0098762108178 6.00280282525e-31 0.00435348899123 0.0322308580714 1.52392176252e-16 6.2985888554e-27 2.06511316324e-24 4.40136769067e-49 4.42712195046e-18 1.8167035096e-09 1.22842978731e-18 4.50541567395e-10 0.487803241675 4.39816674996e-66 6.81541334278e-36 0.0475368618847 0.418093319935 9.23072907253e-56 2.84264726363e-05 0.0 6.69803600469e-304 8.97616741603e-17 3.31344999365e-97 
2.74343956332e-26 4.78011710319e-48 4.25284564145e-25 3.02795600113e-35 2.2304622621e-20 1.14737000851e-85 3.46265668631e-41 8.14133452635e-66 7.13520143267e-14 3.26853917301e-50 2.50424067525e-64 0.999991726371 6.58344992359e-24 7.23500243027e-36 4.95545631885e-22 1.95482401006e-29 3.87574135423e-183 8.27362897288e-06 2.0056487795e-47 8.30477434087e-27 5.01512460791e-23 1.74875630763e-15 0.0 3.86350729119e-70 5.86716230533e-53 2.11104039093e-34 
2.56873304114e-25 1.39129505593e-31 3.41798927635e-29 1.35658622563e-21 1.08818908781e-15 7.30955480939e-74 4.39226663911e-18 7.04533291289e-71 3.36368686364e-32 2.83913023751e-28 3.43778356688e-36 3.65355909718e-21 2.50701203463e-22 3.11806389984e-23 5.65336201294e-15 1.26018454685e-25 3.93728094552e-257 1.0 5.54141655946e-30 8.14171512069e-25 1.60095200538e-57 5.00177101327e-28 0.0 6.83556338657e-47 8.44750262949e-31 1.00295853946e-13 
8.7314610706e-30 2.84890067617e-166 7.26709641284e-26 3.20707215358e-79 4.03951861089e-46 2.51274294069e-58 7.10810668315e-61 0.0464234764262 9.62298474804e-12 1.05832994054e-166 2.56005186979e-122 1.64326840842e-36 4.09667482379e-79 2.36539501091e-46 4.31409817511e-32 2.75978593788e-134 0.0 0.00304473162446 1.32202038713e-85 1.41995090087e-66 0.95053179194 2.90491532174e-128 0.0 0.0 1.08353194238e-106 9.54641797723e-122 
5.65106906472e-12 0.0350789884978 2.87511268045e-12 1.40629299883e-25 2.64705146597e-17 9.93676061054e-22 0.92808101693 1.61777447938e-48 4.43605133146e-25 2.2713344002e-24 3.70549610262e-44 5.43801869581e-24 1.28476607286e-32 3.02734835213e-16 1.70100444507e-11 7.06004242881e-22 1.39279616897e-35 2.7426238385e-32 0.0327916526786 0.00404834186819 3.82659244446e-97 1.97691488322e-23 0.0 1.20044466334e-19 7.24453312704e-14 9.11947344779e-36 
1.08389978259e-27 2.25645915957e-31 1.52623311755e-24 1.79752546389e-12 2.7198591661e-34 3.8570220564e-31 5.2499916084e-45 6.59611254679e-33 6.85025559411e-33 3.23770444892e-31 8.97172612943e-27 4.12048424682e-09 2.76942219451e-11 8.38527539777e-08 1.90005758073e-20 1.87431015692e-37 1.33479008832e-204 0.999999545616 3.66356318458e-07 2.53913232105e-11 4.07540955326e-48 4.68820345254e-20 0.0 6.12615688137e-46 1.13860449248e-31 9.31577386026e-30 
5.24525936753e-26 0.0818821819301 0.062010758022 1.42825536057e-10 1.11147539653e-36 2.57002204958e-33 7.93739343367e-20 8.35111855893e-24 1.1473405162e-46 6.64693868289e-29 1.89536380564e-51 0.229873730073 1.0043443028e-11 4.86533361974e-14 1.04389057709e-16 0.626220107794 2.92824445321e-76 1.17852303163e-20 6.79331030791e-17 2.9726522354e-16 2.08383942793e-113 6.60435083924e-16 0.0 4.20151003314e-145 1.32220275926e-05 5.16181950039e-41 
7.00797160481e-31 0.977005999694 1.11403484896e-16 1.81398916532e-08 2.84811230486e-19 1.04481410937e-39 1.67083198878e-22 4.3286589469e-39 3.56255290855e-33 1.27781520448e-37 3.65709671383e-31 7.80754432293e-06 2.81797801739e-23 3.3024204001e-24 1.43170998716e-35 4.5758428391e-11 2.71357174801e-168 3.00468377279e-08 6.04505080282e-08 4.52604373604e-25 8.00967235292e-126 5.32000670034e-18 0.0 3.84414601619e-26 2.07738068148e-10 0.0229860838706 
5.24981979981e-09 4.32584392815e-139 7.7180362227e-57 4.94176212996e-88 0.9999971023 1.44619290094e-125 1.29089237102e-73 1.06833358607e-138 2.89245023934e-06 1.19873454686e-205 1.40818933629e-48 8.28905895341e-61 9.05263247211e-71 7.47799527162e-55 1.58581740125e-13 1.92661761153e-62 0.0 7.94945092819e-31 4.29091706767e-59 1.10442723768e-77 7.31268658109e-15 1.80916132232e-79 0.0 1.52199086061e-314 3.64648330129e-167 2.34925860095e-76 
2.24441790615e-32 4.47955517149e-18 3.18201387608e-08 0.559833014856 7.28689670832e-59 1.34620032397e-16 1.94736258715e-14 0.00066112752368 1.00586055872e-70 3.42303158428e-21 3.04769921536e-42 0.072946020405 0.0920125787512 1.91172984891e-05 2.55170717388e-07 5.58291114522e-18 1.27989655728e-162 9.76378355955e-12 0.000278699141881 0.000757715978131 8.78935538859e-130 0.273491438829 0.0 4.85412166641e-47 2.16094019281e-10 2.05462112966e-49 
5.93315247185e-53 9.25173250836e-18 3.2197145876e-27 8.72720652337e-25 3.43042491496e-50 1.57458741119e-68 1.72854616677e-41 1.90388832503e-10 3.64668084219e-64 1.18952242665e-57 4.77117283512e-68 0.999595658939 1.20827979917e-45 1.8325954657e-13 4.10310425527e-48 4.06865203725e-53 4.05124321196e-200 4.21063240096e-06 4.96599011409e-06 1.6234687362e-55 4.79389438546e-13 1.40571397245e-33 0.0 0.000395164247532 1.17342724397e-28 4.21421136005e-16 
0.00879572141795 4.22411120143e-115 8.22175890373e-63 2.72610971878e-90 9.01488074598e-17 1.28111522721e-136 6.58834519206e-67 1.14748930156e-62 2.23280150183e-06 8.32433295391e-120 5.16364662384e-48 1.73652012455e-10 4.74587227052e-107 1.22589602578e-58 4.54629703513e-14 2.91817557056e-101 4.46044558321e-304 4.2023733842e-21 2.22316659184e-68 8.99619631975e-92 0.991202045607 9.42977868942e-131 0.0 1.9396728225e-192 4.09788270731e-60 5.76961996456e-155 
2.13914745545e-35 7.8760826251e-11 4.39572140354e-24 1.16147460983e-17 2.00400205021e-42 4.43998052407e-72 1.87548354967e-29 7.72300168988e-48 1.2864400158e-36 2.15211688581e-33 6.89788942659e-37 8.97571489391e-10 4.19928956582e-25 0.00413433307474 2.02513199028e-17 5.61123721256e-37 8.91241086931e-198 0.973023346403 3.77644773238e-09 9.18909838895e-24 2.09291350354e-75 1.74502488292e-25 0.0 1.64743247657e-42 2.81613272843e-09 0.0228423129534 
