# The number of letters
26
# The number of states
45
# The initial transitions
0.0398860839477
7.15048793733e-144
0.057100380086
0.0488377604492
1.44884371415e-79
0.241475417766
1.01005309594e-206
0.0327840856493
6.0440951613e-45
4.75462530068e-91
1.12516760437e-38
0.0142073113556
1.85310899238e-34
1.10693052594e-154
1.67977606686e-109
1.6985457956e-71
0.0117449933069
9.61114063837e-35
4.64196532321e-30
4.53731253541e-14
0.0730742893021
0.00652885314568
4.15335309528e-10
1.50660260093e-31
5.78277021834e-06
0.0864776967124
6.85198888021e-16
0.0180526716361
1.05510958779e-84
3.53356807608e-51
3.83233168872e-18
5.5007825836e-17
8.0261331715e-117
5.0863935961e-196
0.120853557454
5.49010206421e-133
6.75695014007e-100
6.02627743262e-43
0.0475154436104
0.0012212065136
3.91361347083e-118
9.02539678724e-201
0.0975090956892
1.05589692452e-72
0.102725370191
# The internal transitions
8.79563250228e-293 7.21822267471e-16 0.0 0.0401634892035 9.59044760978e-25 0.0264045898358 1.25374519034e-35 1.37504756248e-87 0.152972882678 4.83205789248e-54 2.13852255537e-26 7.66392506781e-31 1.61286634334e-107 0.00749826007463 0.000936612818225 0.0678953401299 1.04209698038e-105 0.0 0.0392654789926 3.43958640817e-16 0.000514802291686 0.0218967108133 0.0295850565809 0.0134121456016 1.77627137651e-288 1.06696185055e-53 2.46763230913e-129 8.91369718398e-18 6.0278750134e-21 2.50229473995e-20 0.011058482264 0.0576710580251 1.35663799278e-51 0.131447699575 0.0202153090013 2.1223648222e-12 4.30841448921e-39 1.33132614404e-99 0.0213178578922 2.88026935143e-212 7.38956914982e-61 0.313850923034 0.00475596164961 0.0391373395371 1.10018107421e-76 
1.26017774623e-33 3.17449920071e-62 2.99079591876e-60 3.64889591346e-66 0.0065827644362 4.9601675213e-42 0.0 1.28407722843e-43 0.0203321723969 0.0173537252873 1.22393638021e-85 2.20499050487e-69 1.62990533368e-53 9.45879551738e-142 1.21230434673e-54 0.0748494820144 0.0304326430223 0.0134645162221 8.96308071776e-65 4.90559807105e-145 0.0484222561773 2.49250743606e-24 6.83786853844e-321 1.38023819309e-74 4.65663017437e-18 6.57393904801e-282 0.00547828891742 1.74256360489e-92 3.29612661153e-27 0.659903592726 0.0329495433297 5.26117014929e-20 0.0266020861466 1.98945849582e-121 0.0287466910045 2.18781109205e-41 5.70473591328e-207 0.0129983957997 0.0218838425199 3.2621132157e-235 4.98260762248e-23 3.61314752225e-209 6.2326231003e-154 2.62905311049e-20 9.18271680857e-26 
9.9008158209e-221 0.00967244140209 1.04183049492e-227 4.74994837131e-71 0.0986421385432 7.1548644142e-11 3.89163203553e-14 3.99130640063e-264 5.30196448134e-91 3.07286475772e-134 7.50942087172e-12 1.24640807263e-114 4.01053107252e-55 4.83742697211e-38 2.38614765833e-33 2.83832542052e-85 0.00324099460069 1.96463217448e-176 6.6920390512e-14 0.0171021106416 2.89119183346e-46 0.0310679064662 5.08123836349e-106 0.379560664767 2.5516621469e-166 1.7738168397e-102 8.54417367456e-262 0.0995182367258 3.47641632314e-56 6.27717051534e-43 0.00662472683943 3.80265817584e-17 5.00141496663e-55 0.133754534616 1.86170021271e-05 2.17143114516e-112 1.40427990332e-47 0.0220942392133 0.0146714920889 8.51203051644e-41 6.71626766711e-148 0.184031866258 3.81535659204e-11 3.0718338842e-08 9.56662819868e-69 
6.02954866186e-35 3.05548597412e-26 3.07105681369e-25 2.21927045112e-27 0.00301809683837 4.40568404351e-22 0.594675568765 5.69570430985e-57 0.10495874116 0.00445875493544 6.52160453875e-59 5.31914887699e-24 4.29157501883e-24 0.00207791103778 7.95399992462e-44 1.56773176546e-64 3.59253377772e-83 4.23741065341e-83 0.116495157225 4.95761909089e-61 8.5664104346e-65 1.63977290844e-73 2.16958354132e-38 0.051655742103 0.0231907412496 1.99516702705e-75 2.13684229125e-73 1.85852184051e-170 0.0656386912188 1.87028785234e-15 0.0336399154295 8.38186301526e-33 1.35284402264e-154 0.000190479786762 4.4000118289e-39 2.00250897534e-07 1.67590279282e-72 3.28875261508e-184 2.32002170984e-16 2.38120862485e-283 8.95571848828e-62 4.53019700778e-44 5.49711183482e-57 9.80196094564e-24 1.48504589519e-55 
0.0 1.1837447408e-157 1.09693915831e-91 9.52414656207e-121 0.349031513128 1.95991015915e-166 0.0 2.0663193977e-102 0.040754384307 7.47516441947e-120 6.8341896191e-157 1.09915802709e-78 0.0494886930803 4.5706191338e-222 8.3217703055e-82 0.0 1.67773452599e-295 1.13901047928e-274 2.61641657281e-303 0.0 4.16456605865e-88 1.07666475143e-174 0.0 0.0 1.24870725344e-255 0.0 0.248606702992 3.0937067062e-20 2.77217422734e-67 3.11797389555e-141 0.0155440183443 9.25275766278e-125 3.95568168888e-60 2.06113398958e-190 4.11217750439e-155 2.23572526444e-74 3.54590152766e-303 3.82194288442e-93 0.0399423873768 0.0 0.256632300772 0.0 3.54897453589e-204 2.72362002509e-147 7.67317340747e-164 
0.113642397741 1.21154736696e-277 1.17442038461e-08 9.5320135221e-55 0.0 5.47384235095e-114 0.0 0.532947714369 3.08174931201e-257 1.60583500406e-138 2.65172361722e-30 1.43351705964e-138 9.96235259857e-11 2.74752413471e-114 6.00141631519e-144 7.88332598367e-95 0.00623048673858 3.48435290056e-16 2.73763756502e-227 6.08308039001e-89 3.25200235186e-290 3.45577226564e-131 0.0 3.72550902452e-107 0.198457760767 4.98013814688e-196 8.48674226864e-38 0.0348525370103 1.3294128029e-79 6.89300213356e-154 2.69800640286e-65 3.8667207919e-205 0.0367272990003 1.26879075832e-313 2.53733856469e-154 4.01362087857e-279 5.41396212308e-311 1.66694012908e-64 1.62416313434e-137 2.46624364963e-139 3.18013053405e-34 2.28613494677e-124 1.49819060477e-18 0.07714179253 1.97898617447e-138 
2.88632390135e-121 4.00282457341e-189 0.0104468207348 3.78533023045e-27 0.00342647671125 2.07689330147e-31 2.65554149119e-167 0.000192163970932 0.0978799754613 8.19850872638e-77 1.79850011744e-229 0.0267135912377 1.84817995666e-120 5.2362719263e-276 1.21178433736e-75 3.62163698728e-67 0.0491901672921 9.36948114652e-229 1.42188123443e-20 9.53586454134e-235 0.156688219288 0.0395681655733 3.98911360297e-22 3.1119670287e-162 1.66876890717e-89 0.0081944303811 0.0560630719331 2.03120730146e-170 1.00826607398e-36 0.0207642146691 1.03598530561e-176 1.99214143159e-25 0.0140463866916 4.36494041504e-123 6.46923945543e-20 7.01871775042e-76 0.462420655068 9.1514940499e-73 9.36017008367e-39 3.03498386212e-301 0.00373943275588 2.72628826416e-185 1.85453778083e-71 0.00863624187039 0.0420299863613 
0.175551640661 0.0159818126412 2.16895357204e-42 0.00206940374514 0.0159104824996 4.53367761717e-13 0.00359261521167 9.94207063589e-39 0.0146811977195 1.64767510546e-104 1.60203577258e-97 0.0152780504555 0.00231959011229 0.0927975595653 1.45250866845e-30 9.11466259055e-75 0.0300294729559 3.05395600947e-216 4.58244570573e-05 0.0109265565203 0.0687641139223 0.106700073623 0.0397998296638 0.0131867010478 3.16485161758e-152 0.0559188102648 0.030034959815 5.9777692031e-102 0.135377565401 0.0504063641275 4.22099068229e-14 0.0274772386812 0.000871496258255 2.41390501468e-19 0.034228734296 2.24378825252e-29 0.0107521222951 0.0 0.0108858109894 0.00269416087634 1.69986654294e-117 0.000326172509195 0.0333916396769 6.9938406427e-97 7.17892546209e-12 
1.23189526095e-12 3.01553509183e-126 3.03454423588e-44 6.44658566511e-22 4.1118348358e-94 2.44232178707e-76 0.0 5.99333325999e-49 1.21659881353e-06 0.440446224729 0.0129632521928 0.0164173207563 0.0298080128115 1.9138397335e-236 4.1856066757e-38 4.98451944795e-139 0.0369931457844 2.29095532461e-173 1.94494413097e-102 4.47383320243e-138 1.34084445653e-06 6.96327385133e-113 5.5723691488e-229 0.00324928519776 2.09943026649e-134 7.27046687809e-169 0.401552984025 1.4722558451e-19 3.74838513471e-36 0.0108537807761 1.42768644755e-09 2.9062743099e-35 0.0477134348548 1.06044072804e-134 3.43614627655e-93 8.01718629771e-126 5.21615482589e-198 5.31273676771e-24 1.26723623472e-46 1.08888532594e-64 1.81142574626e-47 1.03863767637e-106 3.00327542574e-161 1.21814931388e-46 2.72421129768e-120 
1.24880641736e-44 0.0112555221633 1.01543478644e-79 9.62112094977e-161 0.0135412603509 2.85697084194e-57 0.153611590272 4.70829810113e-57 6.86622852533e-89 9.36084939096e-164 1.03123161354e-151 1.44307255254e-104 8.77328904712e-57 2.53263405609e-21 6.53014550411e-146 5.6120193492e-221 0.0310952839693 0.623262344098 1.10646275473e-06 1.31576298419e-145 2.88200091072e-60 0.0756906814594 0.0359398763286 1.27075313217e-44 2.2130635841e-81 2.00799388208e-25 0.0159463461469 7.50270659288e-161 8.02203384956e-54 6.03346742564e-53 1.03004151032e-63 6.51526328432e-87 1.20399762913e-225 2.21580402684e-99 0.0314787179406 5.73829228083e-83 7.28636643006e-121 0.0 2.27957769568e-71 1.28235082636e-259 7.76432288475e-254 6.82407261699e-146 0.00817727080756 6.97986756006e-173 7.19201732435e-127 
0.0159438067508 2.32658949897e-269 0.0928092376389 0.0903864419208 0.0 5.51515671524e-240 4.50366527222e-208 0.0638601413207 9.68254241115e-190 1.02922747696e-85 1.78627418474e-138 4.33704308696e-153 6.42462756891e-65 0.0 2.1811218796e-236 0.00740657245221 3.38352696528e-16 0.0102094224451 5.96083866443e-219 4.96995175148e-308 0.0 7.32175161628e-123 1.9149819936e-290 0.0 0.616541117492 0.0 6.16196201596e-37 0.0214679477069 3.20244149778e-97 0.0 7.63804640696e-146 3.07418088968e-169 2.40907145823e-17 7.15593231604e-286 3.64339044824e-133 4.91518322113e-182 0.0 4.14776917979e-154 4.94199256609e-271 0.0 6.84422188804e-17 3.49806476982e-232 0.0 0.081375312273 1.32263476049e-228 
0.235992548821 5.34192132555e-143 0.125215568744 0.00731842191338 0.0 6.0732663938e-89 0.0 0.0752038353438 6.70068909783e-179 9.99361965464e-63 7.80559949104e-11 3.93202856319e-148 0.179615517729 3.58788421518e-203 2.49153975314e-60 3.10237596496e-300 0.0572989102715 0.0190293082477 1.2891286653e-193 8.17484052514e-154 5.27563088639e-15 1.23618540935e-125 4.45154135034e-318 6.41750448136e-85 9.92544526532e-65 1.55867999358e-224 1.62951789216e-10 6.89522005246e-78 1.22190280776e-37 3.13020182716e-48 0.260270419041 1.34505982516e-66 4.21628813519e-85 3.27759544493e-129 3.47618227391e-135 2.03307653882e-198 1.515936476e-101 2.3377202448e-41 5.86403641626e-133 3.84080572372e-129 1.70850507786e-11 7.98212645784e-111 1.62359485989e-160 0.0400554696307 2.90570241165e-130 
0.00457679740157 0.0898990409833 4.43467026241e-100 0.0262740778117 2.34941976674e-253 9.22157133704e-34 1.09404351857e-44 1.50038528922e-80 0.0926487050348 6.7158302123e-89 6.40121839166e-70 6.31603716055e-55 1.7038843032e-21 3.59540202815e-28 0.181278752794 0.0241400497283 7.34800184706e-10 5.12257720486e-217 0.0358400454014 1.36503579076e-37 0.095341486513 0.000917161670333 5.45785684395e-65 3.4577447768e-26 1.50726193281e-116 0.0057584333675 4.70885029565e-73 2.92086984005e-27 2.24366622119e-47 0.0256346908931 1.2312459234e-26 5.36177603068e-05 4.71884778295e-165 1.69670873183e-47 1.13412280831e-28 1.93772405467e-12 4.45765629944e-72 1.96102987649e-23 0.0254203616398 7.96258966545e-228 6.19434152115e-15 0.392216778264 3.35769218768e-102 2.36371807708e-47 7.3811324936e-89 
0.10064193367 5.16988914706e-126 0.0204003870838 2.65875846849e-31 1.07303204465e-101 2.38026855014e-58 0.0 0.155427663971 0.204000737262 8.17144186212e-75 3.07257182505e-124 5.19795562456e-07 1.45408644891e-63 3.36055047756e-127 5.19889965234e-119 5.44166087848e-190 3.78452609448e-37 1.78585805355e-29 6.94197475669e-158 7.02944201354e-41 1.13864994367e-20 1.21560799457e-182 0.0464029498607 7.13312543775e-70 1.13959309337e-140 5.37097133218e-59 1.08890666929e-32 1.89147990456e-62 1.03485158016e-47 8.64707267723e-43 2.01854582054e-59 4.79105485237e-34 1.28384587949e-126 4.76589498974e-152 2.38858442845e-92 4.4228551498e-38 2.28911788493e-17 3.47504590281e-179 0.0384154620497 3.27533591929e-67 2.41559230587e-124 3.23645497591e-267 0.362547241483 0.0721631048241 3.54752620307e-72 
4.37065629157e-42 2.2360838707e-27 5.33067394658e-160 0.0257521693964 1.44254742241e-107 5.73173823202e-76 1.21133464428e-33 6.80398355252e-46 4.6684895825e-30 0.000286069446236 1.57719403413e-233 1.26320381312e-05 2.65562382405e-122 3.15914470195e-118 9.55435295499e-70 5.22791410035e-35 0.0903712631439 0.0 0.0233750667233 2.6176491246e-167 0.0218582787436 0.0714286068195 0.0141061473601 2.57112158306e-28 1.75995659188e-190 1.44998845591e-77 0.145207531694 1.14380586225e-100 9.01462941348e-31 2.42826706104e-172 5.55587239885e-226 0.373414128042 0.0138180471145 3.84274163701e-78 0.0697832767422 0.0642630184437 1.15908114602e-152 3.24489593494e-67 7.99706758267e-45 0.00412413163282 0.0821996326595 1.93081676138e-64 5.82324959427e-128 9.09384377162e-134 2.29354893858e-63 
8.87170269692e-31 1.38198454885e-152 5.36631537823e-121 0.217945300099 0.0 1.55706280111e-44 0.0 1.30761658009e-45 1.26907449135e-212 4.2790730584e-31 5.80093312392e-121 2.24939952829e-62 6.60418255917e-127 8.47220200044e-212 2.595869417e-14 3.4866528394e-35 7.11124516215e-06 0.0260339897337 2.73298931444e-49 1.45446323441e-107 0.388443287326 0.0255510316187 0.0 0.0100013359144 4.89314074864e-47 6.85427728257e-127 0.0790752007779 2.4427539974e-92 0.218243149679 0.0169602003188 2.23119796162e-13 4.4909794742e-25 5.26162459064e-212 2.11366725339e-102 2.39747867469e-05 6.0685102469e-207 2.84479979997e-238 9.12960156448e-174 0.0177154184995 1.65630870323e-140 2.32830008013e-31 1.15928570123e-118 7.34298043266e-214 1.11295181041e-124 2.55021228607e-80 
8.8601556004e-253 0.630418671275 4.881971341e-317 8.65855931464e-62 1.92293063843e-84 3.4683656363e-16 6.40636359748e-18 4.30981432792e-146 0.16811971263 2.25816967416e-77 1.20508064654e-45 7.23851254802e-69 5.16696267115e-217 1.34479081761e-39 9.61179888938e-26 2.16451909823e-22 1.58367215799e-193 0.0 0.138932307641 8.82673790339e-111 3.18020634245e-30 1.89608796245e-33 7.43736880466e-71 4.67462753516e-31 4.18723056035e-292 4.80324454758e-92 7.15225408549e-133 8.90680852585e-89 8.38545566476e-73 0.0330157233925 1.46515166908e-21 0.0293361551547 1.12557180113e-148 0.0001770924718 7.37922093994e-26 2.69923327054e-54 1.73423935924e-56 9.44978280894e-214 4.26195065769e-45 2.86667053279e-177 4.47058474248e-106 3.37435669386e-07 1.43551000025e-38 2.4468775944e-52 6.64806429401e-69 
3.57033511453e-278 5.6054181459e-150 7.27495538308e-295 1.67926061473e-175 6.83598629366e-266 1.15524806482e-45 0.984433571978 0.0 7.27804750295e-149 1.44211341421e-268 2.41462763726e-12 8.48711952202e-234 7.42933946902e-75 1.62493780192e-266 0.000523450669375 4.06977157635e-75 4.51228298563e-65 1.37719272855e-288 4.42930969266e-13 3.36213401616e-122 2.37147728794e-175 4.30380988083e-63 0.00805155201802 1.81849355218e-107 1.07073118222e-222 5.0494627393e-151 0.0 7.40300044888e-11 2.83948834556e-185 3.9259006098e-17 1.61084126199e-17 2.13202734648e-105 3.49249941096e-146 2.46722013712e-55 7.15898149407e-88 1.51463342022e-133 1.67229259386e-165 2.07486277613e-52 5.46791966495e-92 8.11631132129e-287 2.76587762464e-208 0.00699142525738 2.38732183064e-189 5.81654577387e-233 3.63729606417e-81 
0.224829037533 1.13183625156e-199 9.32324768141e-51 0.125003734685 3.96902541959e-130 7.9778703167e-29 2.83188621987e-148 0.014064907067 2.04006713233e-133 9.38355138778e-59 2.2222866584e-98 1.76777706081e-139 1.57122921788e-30 1.09108432076e-140 1.68706306897e-11 7.94280068524e-50 8.00457781777e-11 3.69952504709e-31 4.00628902997e-74 6.92094218959e-97 4.72367664878e-12 0.00682842497917 9.31733659053e-203 1.59644712965e-136 0.0500732970097 3.57212322056e-136 0.540090218336 9.13692358971e-79 9.06802335543e-06 9.02300181601e-38 7.00716138083e-05 1.79007774689e-20 0.0316346238476 1.28038467795e-107 0.00739404870438 1.86271126151e-139 7.48586541657e-183 1.08026038562e-80 7.85296057648e-93 1.22876383373e-111 2.56809980592e-06 8.00428561487e-100 5.69499643547e-155 5.6342613252e-84 4.74412607421e-88 
0.0218016456336 2.46747374538e-184 1.02923692492e-56 0.115525504713 0.0 6.3972314497e-99 0.0650825736901 0.0982121130055 2.58305405453e-100 1.1765281072e-81 2.40562372628e-123 4.34869221745e-147 0.0890246446261 6.75862536766e-185 1.29562571118e-104 1.81368196863e-83 4.67984544856e-168 2.74607410875e-16 9.47069544356e-93 1.00764252009e-40 0.0731625341827 1.51341352924e-79 0.0 0.0154147605162 1.30617233946e-163 2.04336628832e-277 0.23815973531 1.55031577083e-107 5.04586910504e-47 0.0274681351548 1.52469915284e-52 0.181634957951 0.0354113467814 5.12063931926e-28 3.64618940595e-157 2.43519883093e-99 8.02589570973e-218 2.91894797767e-69 0.0217376379047 0.0173644105304 1.26217389612e-65 8.31272260908e-68 1.61108278506e-66 1.00865070809e-185 7.37113423259e-105 
7.05090789828e-13 1.54348950132e-174 0.0519164192375 0.0780323000806 0.00203977508751 2.90365765205e-35 0.0 0.0122197768717 2.32455397072e-45 6.02380025611e-58 2.26137574747e-63 0.409484205294 1.11578809946e-43 1.24113191383e-64 6.20062774472e-186 0.0201626503375 0.000222102285601 1.22676413897e-06 9.07568713787e-157 3.97298655063e-17 1.4585118524e-109 3.51246397921e-230 3.96923580141e-68 3.28766624661e-72 1.86533917542e-11 0.0298235360284 0.102772272303 0.000391287458009 2.64080322127e-75 6.94521362433e-36 4.22179748237e-87 9.50033414291e-85 0.193209485417 5.32901046953e-236 6.46468880206e-36 4.70127871282e-23 4.6816661729e-163 1.63073482941e-101 0.0132802501922 0.0091878911965 3.09105407454e-66 9.28843414182e-322 0.0194750225285 0.0577817988979 9.12350118655e-14 
1.90287528801e-05 1.84759204623e-162 2.15339962481e-88 0.211235057877 2.58491114228e-278 8.93777595372e-138 1.03208683e-317 8.23157226552e-30 5.9714366457e-131 1.76263561231e-29 8.88075507653e-91 6.12418052972e-118 2.20743451183e-07 6.57172453386e-223 1.3614101122e-150 1.27143623032e-88 0.0209350418053 2.24551979294e-169 7.22703530231e-92 1.67360237533e-238 3.98979755984e-82 1.59463328853e-121 5.37386795e-107 3.50418744477e-100 1.47843560491e-19 5.52900117439e-104 0.681905775374 1.18696454657e-85 4.06060112563e-68 4.34617233823e-121 6.82452801508e-88 2.39724584104e-92 2.28723009501e-85 9.83642115453e-167 3.1677779921e-124 2.53970134287e-158 7.47857589271e-152 1.25880155126e-33 2.03819861074e-128 8.81967992252e-248 0.085904875447 5.41388238176e-256 8.86713098771e-172 5.28003503644e-16 2.17693699843e-91 
0.033036136124 7.66753851504e-205 9.01470213693e-37 2.37910147117e-28 0.0 3.23883008995e-77 0.0 2.77647832251e-33 0.10523989102 2.68034285864e-62 1.64470578085e-56 3.76984290079e-75 6.97050779218e-42 4.43174398313e-169 2.11796865158e-174 8.58299146441e-35 0.1274355455 1.19997180697e-124 1.1989216839e-242 0.0 3.19633661617e-40 1.62166897443e-256 3.6797341211e-167 0.0 1.07346331502e-26 6.31933883984e-16 0.500251277829 0.00338043406066 1.1674354975e-52 1.24286798017e-24 0.0178793468229 1.10184231014e-93 0.0409568110624 1.74855259996e-194 3.84101195947e-207 1.04418255224e-42 3.99113439114e-288 0.0296592331178 1.08217342026e-125 1.06208004875e-49 0.0861643748894 0.0 1.71483683953e-215 0.0559969495732 2.61084939496e-95 
0.0704640808376 4.68669721705e-236 3.45465969562e-37 0.0502304538728 0.0 3.80947843414e-69 0.0 2.07088633822e-33 1.23668685525e-19 1.96907313263e-79 6.64728918719e-116 4.77354002801e-36 1.90872677139e-88 4.50502219747e-71 2.52814549091e-109 1.7059842912e-54 9.87784643641e-48 0.0139847679826 2.28087306663e-157 6.77589114121e-89 0.0323758597909 8.34778369254e-142 6.20098590339e-170 0.157371525008 0.000538660044299 1.04671247846e-195 0.36311682104 2.96978176182e-62 1.92180178721e-36 7.05696720091e-142 2.63758536968e-122 0.000273501251469 2.89531717879e-17 6.41130346001e-134 3.95072139015e-61 4.51790400497e-48 5.13143644254e-239 0.027369801463 1.45339649151e-105 8.62209553025e-100 0.0190739022085 3.24229683013e-278 0.2652006265 3.60745093167e-49 3.8358541618e-99 
4.35583946549e-18 0.0493059473515 0.000907475584191 0.000800805583987 7.77981799637e-17 1.3566591453e-21 1.07171571076e-17 1.54097066454e-48 0.0415557318932 6.28653476265e-90 1.14639834625e-79 3.43951807227e-15 0.1088326183 9.81228010762e-32 2.35983591975e-31 2.59074648543e-75 0.00298437627191 1.16343641784e-74 1.56291489697e-05 0.244907157057 2.66061880151e-21 0.144026036974 0.0691589938849 0.0205844709777 0.00679644707493 7.04294290192e-114 1.57560959782e-38 0.182068528497 1.22913173603e-27 0.0749374650531 4.77922663293e-37 0.00580088627761 5.06615391365e-99 5.74360185409e-31 4.14269499623e-35 4.32359835849e-11 0.0203727632339 4.87480552891e-72 4.23915492147e-20 6.74279646859e-219 0.010282151952 6.03019517414e-32 0.0166625148405 1.54726697956e-105 6.339445317e-47 
0.00124063978039 1.50108477874e-282 0.568249599542 9.36534468243e-47 0.0 5.92655138156e-83 0.0 4.23715108403e-121 4.53930404756e-227 1.65782380558e-100 4.55574215192e-66 1.33462511336e-219 0.00369423810901 5.00243444234e-188 2.51006007095e-194 7.85597874039e-282 0.0603229400011 0.102360638845 1.26205331319e-309 6.69079023398e-250 1.92880183228e-241 3.53820941324e-207 0.0 5.0086402599e-254 3.99272626147e-19 1.85444361818e-284 0.024056275913 1.52830462654e-08 7.17563739056e-184 9.7873439632e-63 0.128113489099 0.0 3.05426144051e-79 7.01029716297e-305 7.10074066448e-115 1.35789708658e-279 0.0 0.0959503675292 9.73272103506e-279 0.0065663801501 1.46756945667e-12 2.8102669749e-283 1.01166804191e-160 0.00944541574697 2.03076539444e-113 
3.45479667754e-20 5.07521629433e-31 1.25729708257e-40 1.06389343715e-151 0.0037248337787 4.14094123604e-49 3.88008991781e-64 1.41622269789e-39 3.89203903417e-17 9.3720630949e-82 2.12970685035e-34 6.51707139772e-65 3.71962238342e-41 1.70048960002e-92 0.639482429518 1.06069482091e-27 1.01309015577e-42 0.00280846220553 0.00628960360237 7.13711218156e-107 6.8050657169e-18 2.81899919396e-33 1.13466398048e-107 0.015542552967 3.22332072469e-14 6.20427193724e-170 0.000883218917792 1.1663921484e-128 1.13583141335e-08 0.0438266042592 1.47234138687e-37 0.00122374321172 8.56088329126e-261 0.256673562214 2.08267762666e-71 0.0124028188903 0.00357108061288 4.79389732786e-239 0.00771453777617 3.56670795605e-79 1.78680423611e-81 3.62398007983e-17 3.57748495798e-121 0.00585654068809 2.82188884425e-24 
2.92191983905e-80 0.0401862634445 3.64625135071e-193 2.24582394483e-160 3.32370056709e-116 1.59534770442e-40 0.00990157020265 3.93132360435e-138 1.86208452004e-54 1.33132240102e-170 4.19103989735e-14 0.07521392454 7.8898847972e-184 0.012178099799 1.53270287957e-06 0.0123031657183 1.3342688518e-185 0.0 1.00600416345e-68 7.81530098675e-15 0.0133153969455 3.96725028481e-51 3.43861765533e-131 1.13326365013e-09 2.56271202498e-269 4.72194357588e-66 2.51252699194e-118 6.18743364532e-128 5.05879742325e-67 2.64966597072e-30 2.77685955994e-55 0.249029496949 2.87270633905e-115 0.0660560727404 6.1617459091e-54 3.76579312579e-12 0.169109543122 2.03245934434e-204 0.0633650961085 2.2855642289e-212 1.35107357743e-133 0.2666683558 0.0226714807898 2.30625567613e-70 7.37218305807e-86 
3.92526319441e-114 6.85805534912e-40 2.77983328748e-79 1.67296478827e-82 1.3520360735e-29 1.585435829e-26 5.27697498293e-37 3.1417192682e-06 0.603727345405 7.20977492043e-54 1.74409708076e-82 5.52329056769e-12 9.33382542159e-51 3.49215434927e-59 0.0518472110987 0.0338199275817 5.17139936572e-160 7.87582141905e-72 2.15400116683e-33 0.103828101258 0.150308531874 2.11770042061e-72 1.1319235593e-101 0.00307717314578 0.0324089566385 1.4088453224e-19 4.9210295571e-51 4.17769132068e-57 3.91175007956e-56 1.06576984718e-49 3.869622936e-39 3.1496114547e-10 1.86613276921e-121 6.17122310018e-50 3.9994794419e-19 5.3829862364e-18 1.00576622759e-137 5.27488605039e-144 0.0209796109581 4.82058049663e-46 2.62435901323e-152 6.20130757496e-34 4.23480177606e-43 4.50997035297e-38 3.88197423684e-42 
0.016052080132 4.16991181484e-123 6.52146751935e-38 0.0292188136146 0.00811811683537 8.37432643001e-60 0.0 2.46327857952e-08 3.82432436343e-79 0.0287181416864 2.24753383981e-123 5.01875216483e-111 5.91008524094e-108 1.68449072902e-167 1.70285924397e-23 2.18573757116e-30 1.32003250071e-13 6.84340831069e-183 1.29673337149e-60 9.05049069407e-165 0.0468651676844 0.0184175146443 0.0 7.57604159029e-81 0.0954442731822 4.06995506139e-267 0.276947054509 2.0092770256e-59 2.26393658153e-18 1.85419547508e-52 7.46041525553e-62 1.4438955854e-24 5.79474603196e-52 2.75605858724e-127 1.30994332952e-57 3.00364472155e-96 1.03569819603e-212 5.33690392032e-42 1.45226849156e-76 3.63335208286e-290 0.480218813079 1.79161869065e-147 4.05330143241e-154 4.70544301109e-82 2.40408981548e-43 
0.288388605819 1.01095180346e-238 3.34232632977e-18 0.0452462720725 2.15490941934e-233 9.93932304119e-157 1.25465585775e-208 0.319226021724 1.40963673831e-25 1.08337234087e-87 2.83415561598e-149 1.17956408745e-58 0.086857667434 1.25090655992e-195 1.67641601016e-92 9.48165539174e-38 0.00277156387567 0.00376823242311 1.55060808212e-128 1.14969000742e-276 5.22418803653e-250 3.84768332374e-22 1.59061968242e-286 1.14082979306e-240 4.21910160467e-40 1.25062161048e-180 0.0313657573768 9.91327761579e-36 2.02007579908e-45 1.36914758477e-188 3.54173719222e-128 8.45886661339e-142 1.47282823845e-25 1.08190212405e-251 2.25929273369e-55 2.64042326526e-22 3.89635038658e-280 1.01616205701e-129 4.27478994153e-109 0.0 0.222375879275 2.94584688403e-143 1.51636384113e-172 2.01725825827e-46 9.50166695492e-135 
0.0272415337836 5.54464596305e-191 1.67454586881e-49 0.0394985192689 2.25157889444e-15 1.04855602111e-36 2.05191436377e-299 6.06884865661e-09 4.06136173375e-69 0.176108312255 3.39787802583e-171 1.32042288715e-43 0.0352478223177 6.23268326998e-183 7.57632796356e-92 7.35508013525e-06 0.0604125060404 0.0553156140618 0.0215243799385 8.72237714831e-166 1.51652133207e-15 9.4817665017e-106 1.47917118966e-133 0.00050800880046 2.97920426986e-74 7.44506186492e-137 0.467011882874 4.42034481084e-74 1.46066800037e-05 7.94596722328e-55 6.58724040655e-93 0.0145137506937 3.07161985052e-05 4.84485792582e-131 0.0100792607339 7.4126055938e-92 1.0457615213e-121 3.04662777775e-73 4.28388070451e-41 1.03497783924e-79 0.0443530518188 3.67277603411e-251 3.92784066398e-130 0.0481326733112 7.41971745912e-11 
0.021649758012 9.63615574635e-17 9.71408039252e-132 0.0118521935184 0.0 4.36618126928e-25 3.1465122341e-38 1.49140785886e-18 2.2492411638e-32 9.17199016516e-92 0.0288404821998 6.82070916798e-152 5.42223469838e-13 0.0350000959082 0.0467379602619 3.09132886881e-108 0.0965236139417 0.0 1.59703279927e-90 4.25048877088e-141 9.42441438342e-47 1.43694791415e-53 8.94634944187e-84 0.171707850261 1.446572469e-47 9.97806158298e-36 0.133450605623 3.33955534998e-137 3.31147671913e-50 3.18231443959e-16 0.234486732434 2.78714349794e-48 1.6044953488e-254 0.0265750906892 0.0368003610397 5.59583665353e-81 7.51332028914e-44 7.28429158066e-60 0.0181548076466 8.59200098916e-226 0.0198686398136 3.08026664754e-09 3.37699754641e-115 0.118351805571 2.73365329011e-140 
0.00334868721642 2.39754320155e-224 4.21262326769e-52 0.010963112912 2.94397121303e-171 4.3342251849e-72 3.10249142571e-232 3.00328847136e-78 0.73679814427 7.998975881e-20 5.27160394971e-121 0.0872240576691 2.71269144421e-74 2.10540903474e-212 1.89327084891e-74 1.41875477287e-25 1.10697666684e-53 9.82545911417e-98 0.000561421430778 1.97608849743e-287 1.78188853081e-32 5.54422984682e-109 0.111983112577 1.22380089527e-291 2.68339824581e-171 0.0221140019731 9.75336697439e-12 1.47188789851e-100 2.74585194146e-51 1.01766917918e-39 2.24820580578e-102 6.3165095573e-36 0.0270074619418 1.41710477955e-155 4.25898774271e-155 1.98489320803e-16 6.40254897639e-144 1.16979742999e-85 8.01336135591e-69 6.49554110763e-96 1.66931720652e-48 6.59141279335e-192 6.03996474703e-136 4.40647974387e-42 1.17294321045e-47 
0.476865188758 2.66271591768e-246 9.61269074229e-16 1.87654075062e-16 2.61909854562e-253 1.240439497e-85 0.0 6.18603112373e-12 8.59485282206e-202 2.32064770417e-83 0.00607201521764 1.08731995318e-189 0.404482776498 1.51988924714e-166 3.0258371936e-83 5.36133934983e-96 1.62139173505e-14 5.57586766234e-23 3.05245262772e-218 6.36099508735e-193 2.69873860792e-123 2.8057570383e-139 1.09384993354e-297 8.15636681116e-155 7.04459131371e-05 1.27163098229e-296 0.0234567489473 3.77935891233e-07 1.08968163651e-75 2.39779609763e-157 3.03209079819e-12 3.92985314193e-130 9.15728415526e-27 1.07522532187e-245 1.52631502489e-184 1.22077067347e-212 0.0 4.86886746946e-73 2.66722353966e-204 2.29571829691e-124 3.54682772178e-31 5.21882286802e-100 8.25147301352e-131 0.0890524467213 9.90431779954e-129 
0.0646026234622 3.51854495838e-116 8.27574648202e-34 0.00658983800308 2.54491113079e-93 3.06845452625e-64 0.0 5.56374795586e-58 8.61380192351e-66 0.166602523009 6.68088317622e-114 8.8288847411e-22 0.0150254850644 2.78695867166e-178 2.04096637446e-99 1.15665196783e-67 1.34741740311e-06 2.39372611116e-105 7.98404343965e-89 6.06663892347e-181 0.112096082721 2.89312362597e-141 7.05517345011e-172 0.0297679701909 5.2142420668e-36 3.25100182927e-101 6.5190957334e-08 7.71477190963e-142 4.28547985595e-46 0.00855999671679 8.36127564315e-34 1.59376994819e-26 1.11484730775e-129 4.93875356458e-148 7.41520674395e-138 4.44445592062e-130 3.94083644801e-110 4.26212770177e-35 0.00844929313834 1.04334663799e-37 0.515079452634 2.61258697104e-199 6.23611490299e-124 0.0732253224527 4.21357984887e-115 
8.70645561692e-74 1.45654771709e-125 1.29162798229e-93 0.0497029013049 2.54487863442e-316 1.1185735069e-33 0.020255646892 2.81346890928e-53 7.91148777322e-125 4.2866431992e-29 4.91008101453e-39 0.0126494499873 1.86310361146e-62 4.13263102944e-178 6.57898936383e-105 8.96367740305e-45 1.22572470562e-54 1.45807245024e-126 2.90541708661e-64 1.37922925698e-256 9.11020806787e-30 1.27882409488e-60 3.7947977712e-153 2.39801834678e-288 8.57967712649e-129 1.48901068468e-129 8.21673301386e-37 1.56570510328e-79 3.29804095729e-40 8.61406658531e-87 0.287338718464 0.175549664669 9.36175057066e-44 5.84093648392e-37 3.42604289849e-100 2.61182929128e-68 8.49502245835e-136 0.377097252034 0.0135802536754 0.0638261129736 6.3856946487e-47 2.41614762738e-61 7.21495182103e-168 1.50165282407e-32 4.86124516429e-104 
4.74034052456e-95 5.63762735398e-70 1.09789780252e-127 1.11514692917e-123 9.23425176576e-118 6.28342990213e-38 1.34476173201e-52 2.98778825363e-98 0.16073951298 2.15465050603e-05 2.14616795273e-48 2.51840568491e-17 1.05878740253e-242 1.90293839311e-85 0.148375840109 5.61115882067e-180 1.09107950987e-46 8.84231684481e-151 1.3111250451e-60 2.31586374442e-280 0.0895490155664 9.53918044834e-40 2.37044655737e-214 8.73854389793e-30 2.2436443676e-101 5.0432349898e-209 3.69728097251e-66 5.70323224496e-204 6.42401472298e-38 3.51741069277e-44 0.0878638733287 3.12181373384e-29 1.42240994538e-299 1.8898241802e-40 8.39285399945e-58 0.513450211511 6.40488360152e-127 5.03716277788e-306 1.35641838453e-75 0.0 2.59820029293e-123 5.51583483525e-44 1.73143453636e-136 4.52942692604e-110 5.57275315353e-135 
5.88888730057e-07 1.51029055487e-207 1.86933716605e-17 2.90946600988e-29 5.60091670954e-46 9.61037101277e-76 1.56463673119e-318 5.03862885589e-39 1.05530361575e-76 2.44427319004e-88 6.66049735692e-29 5.54278500467e-36 5.72737618539e-21 1.31344131428e-165 7.31255703563e-92 1.56235586389e-72 0.00891556013037 0.00025962014342 9.23342912587e-138 5.71982579756e-87 2.40658302827e-78 8.37314532183e-26 1.09583056756e-116 1.13876392311e-64 3.40909888824e-11 5.93519473495e-55 0.00745004123392 5.21624937322e-20 1.63702298094e-95 7.52733139831e-109 0.000157808889453 5.52602248664e-106 1.07530298821e-27 8.89133283555e-217 3.04946326995e-87 5.83942141442e-137 7.53684241284e-165 1.13951732246e-28 3.26331080132e-75 0.98321638068 1.52047826047e-55 2.10812946463e-30 2.53123405301e-88 1.00418215784e-22 7.30886705778e-88 
0.178279916864 2.64531511733e-289 6.96242811729e-06 0.155606690509 0.0 1.50278937457e-17 1.41447423578e-261 0.00459949393522 4.76443366606e-175 0.00823422102363 0.0271451602907 2.15147018505e-160 0.0628582443739 2.39826692766e-179 1.93036874673e-120 2.0587638335e-129 0.00505273207599 1.02370964263e-49 2.83627606713e-201 3.27974451601e-158 0.00464836196358 7.39690956822e-203 0.0 8.03344548708e-182 0.182705710544 2.95779203873e-292 0.261093966332 9.04447884159e-40 8.45987110138e-17 2.94143891778e-211 1.31962583102e-22 1.50245108067e-24 1.12303446731e-111 5.47807905486e-120 4.96945209293e-171 9.5298063488e-123 5.73323232178e-239 6.70275488913e-106 2.69595486766e-116 0.0 0.0502985805372 0.0 1.090566051e-74 0.0594699591225 1.64101026094e-145 
0.0202852588414 2.6900099832e-83 7.7120255648e-13 3.11203441322e-53 6.62621662437e-38 5.84341233995e-72 1.05298335144e-05 0.0438699576722 1.08453623682e-19 1.24656916199e-25 1.04608858807e-123 1.82269314405e-22 1.50664929171e-21 4.04464101913e-85 7.73779531331e-109 7.26382744493e-69 0.0901503270296 5.97710897681e-40 2.16345784177e-10 2.31901818521e-135 0.0133651414682 1.10695823395e-18 0.409352502862 2.04586471769e-30 1.27459260951e-22 1.7159085456e-43 0.147162679522 1.55724565992e-139 8.83346177788e-32 1.99555562676e-35 1.95872009462e-67 8.96444189586e-19 8.26119237414e-308 1.51558908747e-28 2.57302835675e-36 0.237352401352 6.96456028498e-136 0.0 0.038451201202 0.0 0.0 1.92820007613e-118 6.73186739122e-92 0.0 4.20388815867e-110 
2.55124449819e-07 0.00351143161365 2.43219365972e-24 0.0143071216846 2.85133454251e-150 7.68735897037e-52 9.30225022171e-114 1.27217752912e-05 0.0529559932386 4.67205847262e-23 1.67723702131e-51 7.81959513718e-10 2.13791391685e-39 1.18193348509e-170 4.18308692806e-19 0.231955902163 0.0468453624981 9.54123402801e-240 0.304053244404 2.75050439544e-143 0.028433788155 3.02728020223e-32 0.0568241003154 9.25882100861e-52 1.46090712292e-79 1.03653006463e-11 0.0634492613671 3.14061588468e-96 2.62343696685e-06 0.0320984538443 0.0166964473442 1.84179101732e-06 2.04621716693e-14 4.10807645684e-55 1.25570670813e-50 0.0700764289851 1.58149784762e-115 2.18690314156e-55 0.0739606927826 7.41097874687e-166 1.57634613143e-14 6.72224564871e-83 0.00481432868496 1.38916423135e-29 5.00638124842e-57 
0.157099285966 1.08535497598e-202 3.27651238158e-25 1.34738326865e-85 0.0 1.91259809828e-66 0.0 0.0253735826206 8.20718057989e-40 9.32853598187e-146 0.263737608674 8.71270348016e-41 0.181478363605 8.14223157724e-147 1.03664236626e-126 3.45721166435e-112 1.29948635631e-51 2.63054066043e-47 8.6669005089e-217 4.76535921064e-206 5.45968246473e-155 1.42952669103e-96 0.00376499136614 2.50224275714e-222 0.0505448726476 4.58522495237e-06 0.099847681156 2.48955801228e-31 7.53433691313e-07 1.91345734123e-49 0.218148275099 4.98240376001e-145 3.66058963113e-100 1.9912296851e-102 9.98806725331e-148 8.23381174429e-44 1.25277040967e-80 2.0214555596e-10 9.01136361445e-39 5.63255748881e-12 1.78522451304e-76 5.59104348151e-95 9.21317799286e-140 2.02396753402e-103 1.84514980952e-140 
8.78646411588e-128 0.091813447615 1.76971316982e-156 1.68520956026e-299 0.0347071713563 1.03198529881e-34 9.07186147201e-25 1.70561508914e-59 0.0439072173533 1.13687340572e-53 4.04193337172e-92 8.25748821978e-38 2.67956732021e-79 1.24293236893e-16 1.12804609001e-10 1.50983459218e-22 0.0246019491593 6.10044018806e-133 0.0661142369856 3.92788623869e-89 0.10341179004 0.207798860943 1.89450969838e-77 0.02758891451 4.84037102491e-52 0.00556391930094 5.85615512625e-08 1.00609383228e-178 0.0160532579011 0.110361611644 6.67096274475e-39 1.79600204291e-11 6.42574749112e-262 7.29735445324e-09 1.35761901874e-37 0.0014692287734 0.131898096916 0.0 0.0415873624796 0.0 0.0 0.0931228690328 2.66458990267e-62 0.0 1.3518035715e-102 
7.79579087313e-05 2.56658215217e-174 1.74845615091e-08 2.9746644354e-21 1.94641486665e-197 4.41080701495e-81 4.046849767e-261 0.174942455165 4.16395041283e-274 7.23338339325e-90 0.188510969564 4.60067109075e-115 0.110077170842 4.37511469298e-88 5.17084772072e-167 1.5168155733e-165 0.0232812060037 7.6932359204e-07 1.07892594458e-190 9.67191969005e-71 2.11305580605e-237 1.84991563433e-136 0.0 2.24010231437e-87 0.0800164229612 1.92386512658e-179 1.37941871029e-18 3.85739072639e-15 4.52468490508e-73 3.85107111064e-102 2.81822355403e-48 4.66781244035e-248 0.0025153921251 5.82158832928e-235 3.25050809248e-130 1.36582195259e-257 6.11022400962e-251 5.26772113515e-101 1.0733511051e-117 5.76393404407e-96 3.38915137091e-40 1.73649751617e-165 0.00548802670616 0.415089611916 2.83262113175e-89 
# The emissions
0.978016914722 1.44216650735e-142 7.32270021223e-156 2.6232753092e-162 0.0135938425699 2.16012451625e-178 7.90817452689e-189 2.50345921066e-171 2.23877429271e-42 0.0 1.01064830973e-229 8.53717826135e-162 1.22016717992e-176 1.51439954146e-194 1.10266460721e-12 5.67524047169e-89 0.0 1.07444833923e-114 3.08474269288e-78 3.65790196984e-78 3.2788535955e-24 2.3900100015e-222 4.43352997959e-196 4.58743578525e-213 0.00838924270648 0.0 
4.15182291807e-81 0.112370511233 2.40750577001e-88 2.14657072364e-29 0.0266314767237 2.09670078543e-142 2.06201859013e-133 0.0 2.73251322904e-36 0.0 3.33158532343e-101 0.860997980786 3.64153624723e-73 9.76332850663e-15 1.97862994207e-08 5.11247560264e-47 8.60295176239e-181 1.14711244334e-08 6.59424873727e-50 2.39318222004e-101 4.03972624139e-166 7.46035391026e-194 9.24672214873e-120 4.52173203583e-61 1.4900844632e-53 6.51256783597e-296 
0.300176147199 5.93050512869e-186 2.52184693568e-189 1.0887548554e-256 0.0507153159915 1.84340475707e-203 7.65165487654e-280 2.00601760364e-48 8.58141135888e-21 3.55512600682e-203 1.00996230414e-231 5.65632328905e-277 2.14888544442e-181 2.04869076664e-250 0.64910853681 3.22339468979e-117 0.0 6.54283248661e-190 1.46146909746e-111 7.11548882469e-101 1.12094583805e-33 4.12797698903e-289 2.13458043506e-288 0.0 4.1211785546e-162 0.0 
4.31796370954e-35 2.91031999036e-249 1.90966775073e-211 2.13542172674e-154 0.0766488897192 2.00734113476e-192 5.19111032145e-228 3.94994399818e-84 0.923351110281 0.0 3.4005158325e-133 7.83507811959e-185 2.01211487048e-187 1.20854201867e-153 5.42359542527e-57 2.90555128895e-159 2.06381895079e-160 2.67693003384e-189 2.89807962155e-68 3.14236415032e-141 8.20037164444e-50 8.89483076143e-314 3.71203239878e-247 1.95403193215e-208 2.16183239219e-39 0.0 
2.34313698587e-202 1.28918230394e-146 2.04576861788e-131 1.14095398523e-69 1.27865800526e-63 1.0 5.72303699129e-128 0.0 5.04915526193e-123 2.34346966065e-166 3.02997738349e-119 6.29988308186e-21 1.52046076338e-87 1.25563782248e-37 1.57206395403e-222 5.72041173642e-68 7.87304917633e-250 3.82242544772e-16 2.30530357104e-57 7.63292820732e-42 1.30249062561e-203 1.87866958384e-70 1.59130236115e-120 1.41237959654e-112 1.40666404708e-140 6.58994958135e-208 
1.15457942507e-152 0.119985822897 3.58736137761e-86 0.112878598984 1.34260853813e-55 0.0004686508905 0.027350698481 0.0745776083018 2.98695220871e-141 8.81748547641e-96 0.00807821868042 0.0926525984474 0.0755764818181 0.0613685912608 1.98395488408e-143 1.63180938136e-48 3.53507921553e-129 0.221813041056 0.119473929633 0.0620442687463 0.0 3.73059105442e-53 0.00535244974325 1.00255670529e-230 0.0183790410602 6.02074804999e-305 
6.76082652761e-160 7.22165625278e-146 1.74112436871e-62 1.29060194938e-26 2.68289883092e-106 1.97406050271e-70 2.75152284033e-211 1.27217502744e-308 9.0061710186e-62 0.0 6.50102830819e-249 5.51399243394e-67 8.17600599837e-77 1.0 9.75696214653e-163 1.06416257321e-13 2.91195632275e-281 1.50583591194e-25 1.35729384869e-71 4.21651592869e-74 7.335557253e-48 1.61916445968e-239 5.06907245771e-186 3.43495287667e-25 4.08881427851e-248 3.55314143225e-114 
1.90853392447e-19 3.38016329601e-246 5.19136919683e-202 4.12383351422e-187 0.984657025104 1.23784277704e-138 1.24607022904e-241 2.77399107287e-160 1.33518491874e-22 0.0 1.62672248345e-251 1.20897641738e-184 1.52406236672e-160 7.04072919076e-232 0.0153429744759 2.040430778e-40 1.38366635554e-171 2.62953516987e-125 7.49238949288e-150 2.69215148835e-103 3.53633985001e-10 3.55804502347e-98 7.55621118751e-227 0.0 6.61101405021e-11 0.0 
9.59102019446e-214 2.439905603e-166 6.18132635363e-38 0.0299009848042 3.03918424401e-51 1.22328637595e-88 1.17526108362e-37 7.20130481524e-138 1.3013098656e-47 1.36690329345e-131 0.0694416238209 2.12275696108e-42 8.20023360796e-61 7.63068470494e-48 1.1857556653e-286 8.34280708835e-72 0.00784014735585 5.04125202611e-57 0.0474653383964 0.845351905623 1.82245344732e-63 2.82123347937e-90 2.05924908895e-141 3.52159074425e-68 1.49553932635e-51 9.01477835236e-50 
5.47850743885e-112 0.0 0.0 1.82927414978e-195 1.50577714456e-80 3.36483350712e-238 0.0 8.02842145198e-134 0.728590460882 0.0 4.85722152454e-172 9.94873026854e-268 3.52170972426e-208 1.60136958805e-314 6.02339151508e-171 7.71470387074e-113 0.0 4.95642571632e-16 0.262038888746 2.12444363168e-170 2.53181026607e-124 0.0 6.90102525051e-269 0.0 0.00937065037187 0.0 
2.81698356727e-95 8.55093862775e-181 1.37216180731e-27 0.0 0.0145250027988 8.27239337345e-311 2.20130454439e-318 1.04900671049e-16 4.77987483416e-140 0.0 0.0 0.100747705416 6.1566756769e-221 0.0349949026995 6.41573560138e-34 1.99018976256e-78 0.0 0.849732389086 5.09085443699e-127 3.76913401653e-55 6.89013841612e-171 1.1221428675e-104 1.90296531966e-148 0.0 6.76529910245e-38 0.0 
4.71345904142e-57 8.34072985066e-183 4.43519136047e-15 1.73443810088e-20 4.5339349974e-22 1.70460039672e-88 2.02997792169e-145 1.27684846375e-12 1.01130918418e-47 8.07065933857e-205 1.47458413324e-27 3.23886371824e-12 5.05042571996e-34 7.98168018551e-109 1.41189069011e-87 0.100391439807 0.00567803765936 1.83054261426e-102 3.03657884343e-29 0.878790888896 0.0151396336324 1.63006553743e-139 1.34410235551e-67 2.70995537713e-263 2.43695219308e-127 0.0 
5.55647085275e-11 3.94326413521e-265 1.48177925221e-134 6.82963966261e-207 0.0471572800182 1.50209391937e-233 1.59940472617e-165 4.24022302052e-206 8.0789495076e-47 0.0 7.40014017125e-240 3.43223940256e-176 6.19828533661e-275 9.70534951497e-230 0.738992273927 9.85280940243e-110 0.0 2.10378069487e-88 2.17942458132e-96 1.35264325579e-107 0.213850445999 2.50124619666e-198 1.12158214238e-210 9.76078837533e-208 3.52541879601e-19 0.0 
3.30021231115e-84 0.000205427629362 4.86959086732e-47 3.8242460219e-78 1.81947368557e-70 2.18452228115e-55 6.21463122552e-58 3.74931211432e-159 1.95746652343e-132 0.0 1.5649518619e-70 0.299033737994 2.13024712607e-32 5.85144059446e-22 1.59095246849e-97 0.0955688016014 1.77474638289e-182 4.54047912461e-63 3.58792650874e-21 0.00057784499969 1.93185276182e-232 5.57023681989e-177 6.04813720528e-84 0.574904537291 0.0297096504844 5.21272182579e-229 
8.4834944963e-51 1.01982254487e-105 1.94519889441e-152 0.287851289805 6.9817491383e-42 4.65750882533e-62 0.00126309152329 1.02078896313e-127 8.59932511351e-129 0.0 1.55725784317e-104 0.00422917071178 0.0245613871357 4.64069600208e-26 3.97631988153e-17 5.2670062321e-74 1.57327423278e-289 0.46804075196 0.204140974004 7.5849919783e-19 1.72813224265e-214 5.82560898117e-170 4.29312338427e-120 1.21333877061e-100 0.00991333486009 0.0 
4.56679497268e-192 2.16290325319e-122 1.59099748436e-47 0.31348805227 6.99403561324e-37 7.97893698693e-124 5.7219889584e-48 2.55582792495e-182 9.64492128397e-67 0.0 0.258813138589 4.16874887069e-51 0.0666432683494 5.91679145012e-23 2.04403600759e-108 1.22381432137e-23 2.3418714911e-51 1.12579807181e-58 2.16663808203e-08 8.11048367803e-08 2.78390161474e-108 3.1513865101e-109 2.35167369743e-114 5.3442538712e-50 0.36105543802 9.21331627472e-39 
0.913571041072 9.77552543061e-131 2.2656384418e-155 2.22333973337e-147 0.0864289589284 2.36641030864e-106 2.05900520482e-171 2.4348090181e-201 2.88010381564e-49 0.0 2.13332566731e-59 1.30524528761e-86 6.98367689353e-162 2.41578886212e-133 3.2982503245e-50 1.22500430666e-84 4.63034888562e-163 7.85473049146e-196 3.49271400327e-58 6.17702070525e-109 1.95363909197e-46 6.13514823006e-215 1.22581684808e-229 1.13541820196e-162 9.18332384764e-66 0.0 
4.05823132297e-20 0.0 7.65694352623e-115 4.02923970131e-283 5.95264926097e-66 8.74183318604e-292 1.26031844093e-75 8.85458122079e-239 1.63229775295e-131 0.0 3.1579341571e-226 2.34645610064e-105 0.0 9.05037793347e-308 0.99999999857 6.42293161065e-171 0.0 0.0 2.23320484155e-132 2.42074002426e-215 2.0906096037e-255 0.0 0.0 1.43023530865e-09 3.55414424436e-155 0.0 
6.53057657667e-245 2.4260048132e-119 2.47200174597e-20 0.428291278102 1.51056888553e-60 4.19252705961e-50 0.246043420725 2.13573477565e-206 0.0159912761794 0.0 5.72509952028e-14 9.9513391958e-31 0.150105898129 0.108162245047 3.04397388799e-267 2.36209384995e-113 7.85957297287e-100 0.000295474752609 0.0165053521015 0.000240290212247 1.45487206583e-33 0.0163289977542 2.66760287197e-117 5.45708647984e-52 1.20414332243e-48 0.0180357669974 
8.36343358993e-80 2.89004621971e-44 4.71971517928e-68 7.45590868523e-54 7.96495565862e-47 2.01818818746e-22 4.29744771073e-10 1.79450775987e-102 8.16036025553e-135 0.00783834790813 4.89976329114e-36 1.53486568848e-39 1.21192950666e-29 4.59045729302e-26 2.55466252358e-93 0.322979018084 3.72348351955e-253 6.63458855484e-53 5.6052920423e-07 8.74449789541e-17 2.50579086443e-86 2.08062334727e-53 0.66106595213 1.20336351877e-31 0.00811612091925 1.32982829469e-236 
4.87159455648e-108 1.42879333107e-66 1.87093292519e-108 1.41060079692e-76 0.00864583531213 9.1978480497e-68 1.2111844297e-80 2.98133871225e-55 8.50580667662e-87 2.8351738582e-54 3.77486486575e-26 2.01873710462e-77 5.19018363431e-71 3.77080424786e-53 3.6975878294e-130 4.31642437457e-66 0.0484293756556 5.31875498116e-70 0.942924789032 2.88975326323e-19 3.08358550068e-66 1.30189525295e-130 1.91208827782e-99 7.91791730862e-119 4.05837517906e-57 9.76342514576e-297 
6.6372610193e-198 7.79866934913e-44 2.6988191337e-29 4.19069988496e-13 2.22669943866e-49 2.13112978277e-44 9.65639618272e-07 2.20524485237e-109 1.33172028886e-164 0.00835299069275 0.00552443646548 1.80778027078e-15 0.0330773239323 0.155639235381 1.70806585181e-275 3.31039748423e-60 2.28203348639e-183 0.140920055731 0.0100269947172 0.00136585011162 1.69660604045e-113 0.616718047893 8.65076470043e-69 0.0283740994356 1.31887549834e-65 3.15253295699e-32 
6.77701652003e-164 0.0378317270471 0.95667532224 4.46073357482e-15 2.08088426316e-88 2.59249961386e-85 1.9346557297e-18 1.03554039911e-217 3.86731280797e-126 9.65005681184e-62 0.00549294908726 2.14007927099e-28 1.62362896072e-09 3.5820883711e-16 4.18339211618e-171 3.66825843688e-80 6.75221383445e-74 4.28571372619e-61 9.62087329145e-31 1.80755749907e-12 3.64178293697e-106 7.48465565761e-28 2.43589920492e-139 3.8696772468e-53 1.09167443345e-93 2.10182945154e-125 
6.20729663817e-193 0.0825497504552 1.45574848536e-128 7.78161984573e-36 6.32115324841e-135 7.67520207538e-105 1.17417467118e-77 1.86312094585e-244 2.00771880935e-138 0.0176365010014 1.00848350982e-106 9.20868763687e-50 0.634827313174 1.58092758746e-33 2.3142126044e-161 0.25869318345 2.69206028517e-277 0.0062932519192 2.76240224055e-21 4.47243284914e-61 9.15221769339e-76 1.20670193578e-53 1.37806374284e-71 2.37365080401e-92 5.88883616267e-40 4.37124974177e-127 
0.0693123492443 0.0 2.56311346441e-235 3.33281776084e-193 5.16545111628e-19 5.14833805377e-191 0.0 2.04995345537e-225 2.13425530268e-35 0.0 7.18189396431e-293 6.07438261931e-197 4.72241151498e-232 4.27334022177e-189 0.906471968273 5.26121874578e-51 1.27543550744e-138 1.72516668714e-91 3.02078728548e-107 1.70108935359e-174 2.21589122165e-57 2.07244829899e-170 6.54246711296e-235 5.98508133582e-293 0.0242156824828 0.0 
8.4447816637e-128 1.33554966535e-31 0.918187325799 5.33124126285e-46 3.46607573033e-124 1.57327082174e-35 1.4992080801e-13 0.021626550508 7.99365789035e-129 0.0224380815135 2.66104924978e-179 9.67952991094e-07 1.31573903934e-41 0.00128703282413 4.499607106e-104 2.11794231026e-13 1.35532912775e-225 1.44815441568e-40 0.0020672742289 3.25834950956e-12 1.66458014981e-254 2.36715890043e-57 0.0227727890423 5.95669290456e-173 0.0116199781274 0.0 
3.77234319868e-32 1.09611902399e-240 1.31446911813e-220 7.19612716643e-78 1.0 3.02639458362e-214 5.23275106619e-230 3.64991487477e-173 4.26287843284e-52 0.0 2.12092566571e-91 1.80018561637e-169 2.19058792421e-161 3.78633567631e-201 5.74078281202e-31 3.07729807356e-174 0.0 2.25747763041e-271 1.29788625947e-40 4.5432598808e-114 4.70737731077e-14 0.0 0.0 2.4386727311e-275 1.59425474739e-20 0.0 
0.0982518329891 7.49292433124e-137 7.92618783574e-239 2.8242408945e-193 0.000833133646095 3.58150480245e-134 9.16683429812e-202 1.99193834738e-29 9.0420024942e-47 0.0 1.5520240518e-133 1.8286608125e-173 1.99860234991e-171 3.90888978199e-135 5.21609883947e-28 2.31662091999e-92 1.219657081e-163 3.33576195537e-101 7.55454548995e-91 1.85574559649e-86 0.900915033365 3.92510082275e-251 9.81786825654e-79 4.92376786013e-152 6.63558483362e-110 0.0 
0.0463954174025 0.00975586526735 2.32802147525e-80 5.43550259853e-75 0.282813663265 0.0167666888872 2.79053177334e-255 3.02925710681e-295 3.46224802078e-94 0.0 8.90756716634e-289 2.81437234925e-58 2.46666292206e-86 1.10346995216e-33 8.01197120042e-141 1.92965475253e-09 0.0 1.64033710558e-103 0.495600813128 0.14866755012 0.0 0.0 4.80882424466e-22 6.33933371753e-28 1.78554305577e-38 0.0 
1.09605506058e-149 9.20989299367e-150 2.156797043e-86 0.287987736967 3.27272892779e-77 1.48426713282e-06 1.18275982588e-13 4.84575437569e-192 6.98537216622e-162 5.69365115603e-76 1.39075188112e-65 0.712007264531 7.86554917631e-09 5.03966270585e-40 1.22646234432e-143 6.05863262638e-80 4.98713084331e-261 2.49220438639e-31 3.50636933305e-06 8.26083643624e-16 1.79084081538e-72 1.70756418645e-42 2.75067514012e-130 3.68099819655e-76 1.81981613622e-49 1.0368003027e-138 
1.17829962365e-144 2.12210647219e-182 5.65662145256e-79 5.56089339785e-134 4.73599956153e-25 2.63219994735e-84 2.51878493227e-134 8.03028229083e-25 4.33576940116e-134 0.0 1.16487224106e-197 0.387783725243 4.02761355929e-124 6.4269889556e-69 4.04077529904e-93 1.40113913491e-92 0.0 0.612216274757 3.91382827178e-61 1.44863728031e-64 6.95885728563e-162 1.82576627994e-111 7.37227456727e-62 2.06945820897e-183 2.0943691607e-52 4.70642815249e-148 
3.07760723707e-147 7.46522791467e-46 8.85168549481e-30 3.88374916241e-65 2.40767631534e-69 1.17644579108e-137 0.0797659577865 4.68429929885e-125 1.82594369782e-57 3.73021117562e-134 1.76166704562e-24 4.29461827022e-32 0.00476276821382 0.179590997075 5.395319186e-277 1.13072906306e-05 2.52643681271e-66 5.39515036573e-27 0.674810501166 1.12025317668e-15 1.70096032084e-286 8.09477640749e-39 5.00529566555e-135 1.00998308364e-49 0.0610584684676 4.83045668359e-82 
1.13363615849e-28 1.34107685567e-302 3.45128184782e-73 1.54633442379e-112 3.72079433661e-16 7.17700268893e-68 1.05414095907e-212 1.04878265057e-94 4.54500472292e-67 0.0 6.06460512178e-60 0.0111154548277 0.0308826552162 2.84228655269e-180 1.27878560908e-58 5.84767924137e-21 1.09908923918e-09 1.45286201731e-81 3.17511253214e-44 1.10981455814e-36 0.958001888857 1.31570631964e-183 2.97342081956e-115 0.0 4.48875581548e-76 0.0 
1.04593323115e-85 2.07759018191e-160 0.248195791783 5.15004067281e-23 4.52199021179e-14 0.0113815935965 0.0 0.0 9.8098786805e-176 0.0 5.63461507729e-155 6.44948525508e-44 7.6312091375e-96 0.528220113815 1.25315106843e-76 0.0170634250769 4.14767611809e-112 2.90009043348e-25 0.18097178115 0.0141670589913 1.18391972606e-136 0.0 1.01466787623e-135 4.00147620909e-90 2.35587819998e-07 0.0 
4.70583827957e-116 0.0653129085745 8.25261312751e-10 9.64519972381e-11 3.34246852841e-42 0.193036678872 0.0245191010592 0.0235930324531 2.55013280976e-68 0.0573239114413 1.86178537863e-115 0.0804106006492 0.345180984002 0.0663557975225 8.54498460834e-85 1.58498124396e-22 1.71583027799e-125 2.38358366925e-21 0.00984178047186 0.000482582346633 3.79027570687e-310 0.0212260109492 0.112716610736 3.01534941981e-167 2.38646878003e-21 8.06534318458e-174 
3.02554572295e-142 1.21722499185e-183 8.74318235089e-50 4.31586540641e-81 1.75394884691e-66 1.5625777956e-37 1.46504607456e-79 5.18634472927e-289 1.45369904086e-119 0.0 4.96834033379e-145 7.96053088272e-28 4.52985002662e-07 0.0908651258134 7.85229839145e-94 3.85922298443e-88 2.16663299703e-93 1.32416956438e-61 0.0554651631095 0.853669258092 2.00966633979e-233 8.81246267547e-64 3.61763884428e-245 4.48626981682e-128 1.55702574688e-112 3.15580327362e-216 
4.20488608033e-108 8.21306395247e-34 0.061705397436 0.0159407250736 2.31647812972e-58 0.0134024392986 0.847655856959 0.0 7.45043122805e-222 0.00537834107878 2.84829009876e-52 1.72839057335e-103 2.4017819225e-42 0.00782019435466 1.82240472193e-182 0.0135050715812 0.0 1.41006712883e-101 0.0216286768134 0.0129632974046 1.60056100228e-75 5.15544103969e-76 3.92451799219e-260 2.37391702898e-126 2.94575248518e-223 0.0 
9.40325357248e-16 1.21532287619e-229 1.12337043821e-216 3.22488318509e-258 8.80258139982e-60 8.67285588342e-183 9.89927816468e-256 0.346050197236 0.103782574975 0.0 1.11763372652e-35 2.66827607573e-263 6.94287591054e-292 1.02035456573e-60 0.0115988804959 1.25111758145e-52 0.0 1.03114783747e-197 5.96519712742e-50 1.4980126682e-154 0.537524507787 0.0 5.55849103148e-267 0.0 0.0010438395053 0.0 
9.56380174451e-149 2.36740222451e-203 0.264710679785 5.74462456049e-101 0.00402177110082 2.50056388935e-191 2.22230347926e-105 4.47169248859e-210 0.0 0.0 9.19536203274e-114 1.27234091709e-148 8.96269697109e-144 3.24376122405e-151 0.00547980218375 0.0289394624652 4.52019576421e-191 3.07934802331e-138 0.172390620253 0.455865746157 6.8475620597e-302 1.79034067006e-150 0.0685919180552 1.95759628007e-145 1.346930268e-96 0.0 
2.24597316542e-89 7.08222538173e-252 1.07216006619e-78 2.38528587936e-181 9.78154037937e-63 4.07467350996e-51 1.19015957816e-209 0.959111269518 7.19896751223e-164 3.1719014463e-321 6.64377854086e-82 4.81335211823e-21 6.59137308398e-60 2.6944388564e-168 2.00470195275e-61 4.50035861409e-72 0.0 1.24151463462e-16 1.36712984345e-67 1.67578601046e-75 3.55533426463e-54 0.00575574227453 0.0351329882076 0.0 5.30058274957e-73 0.0 
7.31658571259e-66 1.25638960516e-226 7.67723629824e-216 3.92566602408e-120 7.15883757582e-26 4.84477317823e-79 8.31437700889e-233 8.42165489289e-163 0.616331545387 5.65498123626e-265 4.92456876663e-154 4.97437665927e-131 1.26681011515e-97 6.19913839417e-204 8.74925630539e-125 7.24133667272e-155 0.0 3.78619728554e-83 3.35555109123e-31 7.8808700344e-74 0.0820242916738 2.60911345871e-164 8.0768481707e-266 0.0 0.301644162939 0.0 
1.23245826427e-137 5.36567558816e-98 0.00679400095854 0.0524895794285 3.27132958422e-137 1.40529388892e-73 3.95001284973e-121 1.40210336975e-119 2.29261842415e-16 0.0 3.17417503343e-50 1.68607670501e-30 5.29499731699e-59 0.391032153611 6.69188776865e-69 3.29266106136e-60 2.64190526161e-17 0.548300127882 2.22222413701e-11 1.86435382101e-54 3.45923492424e-84 4.98409282344e-109 8.34226230786e-41 2.78189928607e-31 0.0013841380982 3.21177854446e-152 
7.90532566208e-14 0.0596111267908 9.29471388489e-41 2.73909707334e-38 3.89315158994e-74 1.75958313132e-16 0.0537915718119 1.06115783727e-83 6.03399497075e-93 2.50213455526e-68 4.00689331171e-22 6.17321353521e-75 1.68096103207e-18 4.83896058114e-96 2.31679298058e-84 0.795287462773 1.7167434516e-193 9.07152299032e-70 3.43602330679e-21 0.0913098386202 2.01712934838e-71 7.94243691986e-109 4.48872043216e-12 1.02859391966e-266 1.18089423987e-51 0.0 
1.44020511681e-13 7.61675328981e-120 3.33361056929e-240 2.97919060845e-151 1.72080751495e-08 3.30977062738e-237 9.07476871894e-275 1.63740240345e-280 0.999999982792 0.0 4.47125015209e-157 7.37810599264e-171 1.13984756015e-191 2.7238971361e-166 3.09456997341e-21 2.23395693047e-49 1.11103111424e-55 2.51593635138e-109 2.29136241154e-107 4.43847524769e-170 2.89247860303e-17 1.57680592936e-220 2.28248525879e-264 4.8428176044e-247 9.31878594476e-36 0.0 
0.00995364887172 0.0111720573731 2.246549733e-37 0.241697082487 0.0118169417733 0.317161699075 0.0649686637845 0.056628448853 3.30940788713e-09 5.24099299291e-62 0.0333051423261 0.0689402710418 7.43570835362e-05 3.89863391479e-21 0.00611737575902 6.12873877812e-46 0.0 6.71644739759e-30 0.0186645650628 0.00142551543074 4.0496583373e-223 0.0281835988224 0.127949435845 0.0 0.00194119310275 0.0 
