# The number of letters
26
# The number of states
45
# The initial transitions
3.1235962637e-11
4.34352588877e-18
0.00167358152549
0.173124496569
4.20850823271e-14
0.016445120348
4.20052519558e-21
4.25928031015e-41
2.96937817524e-11
0.00779379674145
2.66952868723e-16
0.140327915762
0.0843807349456
3.56130505489e-09
8.77808677479e-16
0.0621503679011
0.00101127958329
0.00498895887469
0.0754878452252
6.02015135327e-66
0.0385780167627
6.48478327143e-29
1.69615504277e-18
1.35147943239e-11
9.63523455869e-29
1.19649865958e-37
0.000157526272866
8.44745867855e-65
0.0357191257991
2.23983914024e-20
2.71210388486e-09
0.000102121602901
0.00206983319774
0.146143138452
1.60891786526e-12
8.90603876234e-07
0.0195284196086
1.03957518144e-30
0.0218898797208
1.89081966487e-13
2.43908380936e-25
8.06999863405e-12
1.53637653297e-37
0.166113375395
0.00231356875016
# The internal transitions
2.42389004843e-29 0.0695247967979 1.60890216615e-11 0.051250908213 0.202901842742 3.26197324763e-42 0.0813558931186 0.0146534043597 3.70967690204e-08 2.74577009307e-05 6.149577146e-17 0.00179168527255 2.16961783109e-24 1.49610757738e-05 1.89813392049e-21 1.41354209929e-23 2.25343734035e-17 6.5828009902e-10 3.80378091482e-05 0.0168005402205 4.03091745478e-13 1.04004360405e-20 5.93903660643e-34 7.42819533187e-13 8.95769782166e-09 0.031340353158 2.37924282246e-21 2.69488967403e-06 2.44984539305e-12 9.52343126746e-05 2.19980455094e-74 0.0347492389985 4.11987084167e-36 7.44029306559e-09 3.85860131682e-09 2.13806332266e-29 2.7513759867e-12 0.0452969647013 1.17982667403e-32 3.09725097824e-09 9.02679344612e-12 1.66861460349e-10 0.200086603884 2.30776395178e-09 0.250069319131 
5.79542648392e-11 2.70105238346e-41 0.0591648971334 9.30624450643e-15 0.35008617816 2.71980954286e-22 2.14845216834e-21 1.36532958847e-22 1.25147486798e-52 1.84072755599e-14 0.0992169949889 1.46525704726e-37 1.67758813557e-10 0.0898853695767 1.27293989535e-17 1.68536162172e-05 0.0189165095771 0.31592089978 0.00101123132336 2.02265074285e-82 1.09459017048e-30 1.00940444874e-32 5.41443904487e-17 2.11557498847e-62 1.7847002441e-51 8.37948188901e-30 9.54606658556e-46 6.88263867223e-93 6.70758272148e-18 1.69985250086e-19 6.32432428166e-17 6.90390819211e-43 3.87723589224e-05 2.35336872913e-27 2.53718576196e-43 4.40601341954e-05 0.0650379323894 3.40253915375e-08 4.00812452435e-12 1.90716109781e-22 7.91321754325e-32 0.000660263859947 9.25383062558e-45 2.84705877686e-09 4.49077531946e-66 
6.93684474361e-22 0.000459604027568 1.68769092225e-43 4.29036566821e-34 3.17121109224e-29 3.13694648286e-19 3.96216826194e-22 3.72690790024e-53 7.52577592937e-44 1.08140289227e-22 2.31487209554e-13 1.31429972709e-12 6.8473027076e-19 1.25827257663e-11 1.05807372693e-17 1.85704327444e-28 1.36579080865e-17 1.78425816343e-33 2.90004541704e-52 2.82152274591e-53 4.04010113234e-40 1.92674479839e-08 2.08284115969e-22 7.00161381354e-36 3.09900534869e-73 1.64765882184e-12 0.961468495606 0.00012627836863 3.87541753724e-43 1.98479266817e-26 3.79428023857e-36 3.22330038792e-09 1.20736046031e-09 2.33778226183e-31 3.40256566688e-17 6.70618837489e-09 2.80708731281e-22 6.36169851119e-31 0.0379455915772 1.56960036021e-48 2.01661607944e-21 5.86961546847e-55 2.98018311026e-70 7.36492431085e-27 7.12112051662e-19 
0.214309644431 2.59246266814e-72 8.42238879537e-31 3.39219359369e-18 2.20995751193e-58 0.000298791115634 3.50092994587e-13 1.41308098001e-30 2.32767195907e-11 2.76759107242e-27 0.0215338717356 1.49622010086e-48 0.0481674663112 3.1671570668e-39 9.58963875319e-11 0.0230134812136 0.0850551935574 1.74523258747e-54 2.535390678e-46 9.5462810958e-29 1.13719261072e-13 0.198656353771 1.71207203758e-05 1.07246716977e-32 2.69732676185e-12 4.76726471896e-19 0.0265362225015 3.8553854061e-43 7.94235362691e-29 2.28274819949e-39 0.000769137157053 1.4734762537e-39 0.0320234999304 9.28760444176e-39 9.56059777328e-09 0.348382578452 7.9430190705e-20 1.43320736149e-51 0.00123662937069 4.00801664234e-33 4.98926346209e-11 1.1788319643e-92 4.34704354401e-17 3.13944713545e-22 5.78288909506e-75 
6.06836614917e-22 2.89997236253e-11 3.65070978278e-06 3.21653979919e-12 4.29613104982e-16 6.49404577122e-09 6.71415243722e-25 1.27872538989e-38 1.81238125276e-31 7.57410571694e-13 1.99416768861e-08 3.25548947979e-15 1.86036032108e-21 1.29233953651e-26 5.30891569723e-12 1.65949886274e-07 0.000151817570823 0.0330689617491 4.6687141549e-14 1.1366147455e-64 1.98972419321e-21 4.6688714261e-21 1.51155928218e-10 1.94710316422e-35 5.74310318629e-71 6.82987224141e-20 9.77436805298e-31 1.22724678872e-112 1.29833407407e-17 9.00189531741e-16 7.7140542233e-26 5.13351889975e-18 3.3758564976e-06 1.72261371643e-34 2.69510779332e-27 3.35708313347e-19 4.69963208487e-25 0.0716723878071 0.0575107476404 1.07083166845e-25 0.831374660322 0.00609515591501 2.33051097361e-65 0.000119049853801 2.56798054017e-56 
8.21820365133e-21 3.1423023001e-07 2.02051798034e-42 5.15874177824e-13 0.0517660308496 7.73977525181e-13 0.00012651132692 0.00708191219725 1.59851797428e-09 8.96313700367e-06 0.0163722094706 2.78579242934e-11 1.6938838592e-06 7.67621085154e-06 2.61313023343e-13 1.12193597453e-18 4.9512450844e-17 6.14939915542e-21 3.9145789586e-18 6.57418326214e-05 1.84269462401e-23 2.38926243399e-11 7.36247576467e-13 5.04641666474e-08 1.16435643801e-08 1.3649225778e-09 0.000782797720967 2.47051960967e-06 1.54626146308e-14 1.85891857299e-09 2.81737248155e-82 0.0631241661392 2.3023441961e-09 1.28831878734e-21 0.792780859509 1.69088616825e-18 5.93386228141e-17 0.0105928353543 1.70917501524e-13 0.0316517346535 1.63917705913e-17 7.54020607567e-10 2.44280239295e-08 5.03713331513e-29 0.0256339884953 
2.19322982137e-17 1.16041338798e-07 1.50060297293e-17 0.000642782418978 1.20753141858e-15 2.79826120509e-58 9.75843800213e-24 1.69326577626e-13 7.7330325414e-11 0.016097844193 4.33886466479e-85 1.43103674956e-07 1.54429311864e-42 0.521647139858 4.27822861179e-34 1.05445518226e-31 2.88805858354e-31 4.85421954492e-12 0.32917443183 9.04845983598e-39 8.10931029965e-33 3.35022767161e-57 3.30126950069e-36 1.63920997264e-27 7.78900803879e-22 2.10484104234e-20 4.48623544073e-62 1.09328614905e-43 1.31244154413e-16 8.78004526788e-08 1.80492478065e-74 0.0289270471119 1.63043089228e-22 0.0363488056259 2.32391914883e-66 0.0114266667452 0.0219653301618 7.66924480245e-10 4.10436718667e-18 3.5851006196e-09 4.09513814125e-41 4.70106184227e-31 8.17971349235e-26 5.49191864373e-06 0.0337641087565 
0.000764921352023 9.10679900689e-18 3.96765801071e-15 0.0353724118873 0.0093370765278 1.05933074069e-33 2.10649589819e-31 8.8139308975e-05 2.01807382393e-13 0.0210286707745 1.61421212861e-36 0.0904907889919 1.82532666933e-16 0.0139031811749 7.88770736931e-26 4.10033016945e-05 2.76519605005e-08 0.0230534553849 0.144329890293 6.06448902207e-22 0.0166297022766 1.11213460182e-05 1.33648100143e-23 1.95850150328e-15 1.3671942436e-23 5.46172264913e-12 0.00898276159034 1.06753911943e-51 2.00632940201e-09 2.94412589329e-09 9.31942514033e-19 5.58543250456e-09 2.69478855083e-10 3.99953585817e-10 2.41894871612e-12 0.000152691179776 0.00766195217411 0.368899911776 1.55076529705e-10 0.186646250425 0.0119914137515 6.67418992926e-13 1.86608645189e-43 0.060614617462 8.9743483517e-19 
1.26360605508e-14 1.31512813416e-25 1.60132590984e-05 2.50271344133e-24 1.12719038429e-06 3.15653395492e-23 8.78489672326e-18 2.3559434222e-33 5.70721224886e-34 1.15591783602e-15 0.0964112523103 8.97714719206e-34 0.0150344189926 0.0131037960529 1.29843510286e-12 6.94348134735e-16 7.52460661232e-11 0.0594664031733 0.0131517355003 1.79963170602e-41 2.96814498885e-29 7.49441459999e-18 0.023163978579 3.19518189825e-25 6.93263403334e-60 0.000110015050747 1.49884663228e-24 3.98300676365e-49 1.21461398214e-14 3.49465385713e-18 2.15526958251e-17 9.13628575353e-44 0.66283213988 3.29720182374e-19 9.46323873069e-19 5.38580558835e-10 0.0102860878567 0.00027807643806 0.071944535741 3.39648242203e-36 1.90217871439e-27 0.0342004193601 9.35880398652e-66 1.15068957447e-22 3.98826144163e-33 
0.578853555768 8.30684068828e-39 1.91400768859e-16 1.89598029335e-29 5.30778596718e-11 1.48133401306e-09 6.56526672118e-23 1.89233138858e-29 5.63048095495e-44 2.65622893816e-16 2.16696383325e-05 7.45829274089e-25 8.4052642272e-05 4.87239565676e-16 3.03101388279e-16 0.000443139993497 0.334374097829 0.000161873697661 0.000488775462167 1.20987169352e-49 0.000271000198233 6.25274162847e-08 2.24918328641e-05 7.36480732759e-31 1.74609568095e-48 6.52882321838e-21 5.17022527458e-08 2.31112220694e-80 3.75849796103e-16 1.01914096744e-16 0.053989073895 8.36699356015e-43 1.95451807765e-05 6.82465009861e-33 3.1116046872e-16 0.001429854679 1.27132006276e-16 0.0245569435753 0.00528181749421 2.35322589489e-30 1.99234916742e-06 1.58461447817e-26 1.52058322454e-56 9.4469591543e-23 1.62350457925e-42 
2.42248928824e-26 5.59763372715e-12 0.00692715198211 0.0129544945733 0.076844301967 1.70453834993e-81 1.34667269935e-50 4.58822022913e-09 2.11866984167e-06 1.19676222518e-21 1.11573128889e-110 3.2336927734e-29 2.26169134634e-38 2.80841145305e-26 1.87181308458e-46 1.58824939425e-09 4.54100978764e-06 1.06524028038e-12 1.16239283109e-11 0.834550103835 1.92641048933e-45 8.70336192492e-90 1.74380951702e-67 0.0313844171292 1.59898705484e-07 3.34433975457e-14 1.32058641531e-128 8.9030542506e-24 8.87361835003e-25 0.0232186900565 8.27249032721e-83 0.0141060297223 1.20117465475e-65 8.40727757957e-32 5.53304962455e-104 4.01817441034e-14 2.63788279037e-15 1.49884681264e-06 1.77563972755e-57 4.22229995009e-11 2.7195588497e-58 6.48528387207e-06 7.62465390357e-11 1.04715708993e-19 7.11959629854e-10 
0.0155346937712 3.14611368165e-76 0.00183821911651 1.04023686735e-25 2.84638296549e-47 9.24419363215e-08 2.08452737675e-24 6.75907806065e-34 1.61669597119e-05 1.59944747647e-38 0.0382250796769 1.70544797444e-64 3.17370104813e-08 2.52454093166e-44 1.67642937369e-12 8.95141584463e-05 0.00112107459308 2.28474181638e-41 5.44145140717e-28 1.09488781515e-73 1.63601971745e-21 0.070898064379 0.62034262039 6.72620544361e-37 8.94907315574e-22 2.04953801961e-27 3.75459580358e-24 5.87197189226e-75 3.90454767683e-44 9.9153881157e-23 8.95044302866e-15 2.0327796326e-52 4.91573713007e-12 5.83412230801e-54 1.32559431812e-11 0.116937379971 0.13495915398 8.45805394146e-53 3.7908804897e-05 2.0166902508e-56 3.13695322943e-29 1.61669873456e-71 2.43906995502e-39 4.53834216586e-21 4.65963413563e-65 
7.41363148416e-34 5.70081217138e-16 1.75539362132e-21 3.67522799262e-18 3.09899855698e-15 1.69701266806e-59 5.80215811766e-18 0.646338789342 3.8430658692e-16 9.32575373236e-12 3.30296205644e-39 9.62317279033e-24 3.7646740688e-17 2.30382388732e-35 1.19146901278e-28 9.78148459801e-32 4.90503407105e-22 0.0128704663857 2.93370721651e-11 0.112454164476 1.50418543693e-37 0.000467607455263 6.60043821175e-40 1.16228597232e-13 2.63111748585e-10 1.15136925639e-19 3.91780803113e-05 1.29868683713e-07 1.314453234e-12 7.06875955994e-22 9.29499477181e-43 0.0117873649141 1.7231433478e-45 1.88537209733e-27 0.00632781945666 2.07525457071e-37 1.83510815815e-31 1.73999230692e-21 8.41935913618e-38 4.52832895253e-12 2.87163216214e-12 7.91448779571e-24 0.189282360673 7.65702081031e-27 0.0204321190378 
7.9665548062e-18 2.04493863444e-34 1.79680526247e-15 2.38774864844e-29 1.27990311521e-27 2.2328970834e-25 2.15799551601e-11 6.23681715649e-30 1.48437576489e-15 1.46143763016e-17 8.40909864769e-05 0.0606954678216 0.173299455793 0.0186811561839 2.85643943804e-25 9.13211419511e-16 3.60649679813e-12 6.68520478177e-26 0.0172103434804 2.26807603193e-51 1.4403141882e-54 8.10772023808e-11 2.5019566152e-24 0.0239224807042 1.95631120506e-59 1.47830384354e-38 1.68455492956e-22 1.93065718419e-83 0.0208841157426 0.029215353149 0.254789996499 1.71596291334e-26 0.330178434612 8.62004293041e-42 2.77305986662e-14 2.43325248623e-05 0.0710147723962 1.80298082511e-20 3.91319942356e-13 5.97255059344e-16 4.38831441697e-36 1.66067645788e-74 1.71675602325e-110 1.87055027517e-18 9.00241772997e-98 
4.87034190015e-18 0.0211603821454 7.0032515416e-14 0.0170588855322 7.01779525808e-21 1.11466595238e-32 1.88419897178e-23 0.0454587910449 0.142774407108 2.94348588529e-13 3.30369285231e-48 1.75733282802e-13 3.34255616806e-22 0.0431163722492 9.98528953848e-24 2.66580962544e-23 3.06626678179e-33 4.98184647543e-13 5.118069507e-24 2.91849108013e-19 1.74858961144e-49 5.37660529072e-55 8.34195979059e-46 1.00782297278e-21 9.05254361345e-09 0.00115550922586 7.23670412575e-71 9.71778541821e-05 6.98323486827e-35 0.275420452555 0.00960967781137 0.118830564036 1.10373229498e-67 1.3907462749e-22 7.2342767524e-76 1.2872440658e-08 7.78401758237e-07 6.95260426618e-11 9.37566309641e-48 0.305323026738 8.30591842916e-41 0.0199939533031 1.16194289861e-18 1.36362681456e-19 4.35581862452e-89 
9.77578333914e-39 0.0765557055644 2.97956524523e-11 1.00678335268e-17 2.29031477852e-27 2.73349534581e-54 0.278632120547 0.000991488350494 3.92830088551e-13 7.30264432134e-20 4.26978370982e-32 8.16218841605e-09 4.74540067543e-27 9.28549373863e-14 1.87575434022e-31 2.25597056015e-53 1.518574644e-44 1.58809257015e-35 3.80929893674e-19 0.00745480007674 7.15208413737e-40 1.15865012256e-29 1.9155361348e-55 8.23241807936e-17 0.150572878887 2.25748062912e-14 5.32360030807e-30 0.245321292236 0.000108221493284 3.13734089608e-23 5.93535589352e-56 1.07490227842e-06 1.25504151302e-51 1.60521276976e-20 1.62952512986e-22 1.63503645912e-55 1.01473473296e-33 2.11495748936e-19 2.62392011339e-57 0.212914913849 2.95606416932e-31 3.28341929878e-19 0.0274434649314 5.03206958916e-26 4.03096955471e-06 
7.12855991679e-19 1.38623084516e-08 2.34106531949e-18 7.08670693738e-14 0.00707415224865 3.01932525556e-13 3.44002820787e-07 0.0233208101063 1.26549963444e-08 4.43928728602e-11 5.67696933637e-08 2.50995049548e-07 5.89512471371e-13 7.8041451389e-17 5.5106092054e-06 5.86486030932e-18 9.04472472444e-06 3.73201681365e-16 7.76626770345e-07 0.00268761928001 2.57061054496e-10 4.34217354553e-14 3.58512830404e-10 7.63641982282e-07 0.243978861859 0.0049193513451 4.37000785643e-16 0.476198594048 0.000133919327249 4.10852747146e-09 1.80479094979e-66 4.08725895456e-06 2.38156016005e-10 1.21226627982e-27 3.70310597523e-07 1.95881181845e-15 2.42328881558e-06 0.0256982363566 1.07961077921e-09 0.000144569762749 4.3375988294e-15 0.0491104360631 0.166709788457 4.75470102478e-15 3.12674739006e-10 
0.000468444702766 3.41517607107e-52 1.55045208764e-21 5.3465002161e-12 2.63203456481e-46 0.0830835122106 5.58918075033e-26 1.4960698251e-66 1.48092598499e-20 1.92990041593e-17 0.100425734042 7.68169954472e-23 0.062107797759 5.28475546782e-39 4.45675197577e-15 0.019479754287 0.42682360083 7.99869107467e-19 1.7709453122e-43 7.21709770419e-73 1.10913158203e-24 4.40014667242e-09 6.18544977791e-06 2.93014821085e-26 1.69077117843e-50 4.57691419451e-34 0.00653283721004 6.16397555615e-80 2.15181767162e-49 9.65351693642e-21 4.53090078611e-07 1.94770271501e-37 6.85217952789e-08 2.19687014336e-45 0.0112740618717 0.28904273048 7.56417309473e-08 1.66680549959e-41 0.000754715140887 8.29709715909e-75 5.6109233664e-20 2.43580401422e-08 1.36134764054e-61 2.14170967213e-19 1.13464174218e-38 
0.127981328834 1.56469584464e-39 1.83329953465e-17 1.28433056215e-25 1.03969044483e-19 0.012772326873 2.02487381724e-40 8.70900160144e-53 2.43733515705e-47 2.96208181539e-29 4.26351303498e-32 5.91856573486e-08 1.94245761764e-06 1.83554124563e-41 3.31405901734e-25 1.40290679503e-15 6.57713703421e-08 0.330721161439 0.00818117908844 7.82685686244e-114 1.39816439478e-19 4.34020883642e-06 2.35169156025e-08 4.38031847636e-46 2.7276935476e-31 1.01472095166e-50 0.0651948410987 2.41173159141e-101 0.112288284545 4.62491264828e-21 0.0635707763901 8.81076359873e-26 7.06159633279e-22 5.3176305419e-24 4.65424993224e-25 5.0809397587e-09 2.92834080819e-06 0.0152625789645 2.76955214245e-20 3.38452960767e-09 3.90474112781e-05 8.2681826107e-37 3.46738489244e-60 0.0296732987975 0.234305808611 
0.00933252159691 0.0952811345105 8.43509557658e-20 5.64085580702e-08 9.81115598702e-16 4.3150086248e-32 1.75389576127e-18 0.0179011508973 4.9696204678e-11 0.0215614260737 7.2082179883e-23 2.67614537167e-06 9.43691802417e-10 3.85716281726e-12 9.42883839185e-27 5.65556869627e-09 0.000137260072388 0.00113579474331 0.00697784387537 1.45491715023e-16 2.0274470067e-05 2.66000535411e-07 6.3178084499e-21 2.15075869328e-11 2.76160380156e-44 0.00687184389879 2.86402735896e-14 1.15723168612e-64 3.64727177029e-21 3.75469183735e-13 1.28187494223e-64 0.779894655735 0.0112239408782 3.02729780498e-16 2.35708770771e-10 0.0133900162675 7.45726840051e-24 0.000998790205018 3.33382787146e-09 1.25782131871e-21 3.37957072831e-05 0.0110789468032 1.68909467811e-44 4.42488646655e-09 0.0241575910414 
2.12489181345e-10 3.9202763055e-11 5.06953677358e-50 1.58770493115e-25 4.87008974032e-20 1.33597135107e-07 0.822099202282 4.86985143668e-17 1.52333842456e-21 1.13997046755e-41 2.33413180372e-19 1.32651413933e-30 6.31366749922e-18 2.102635031e-31 2.12861065249e-11 2.53626126402e-22 0.00663949809927 5.21207735649e-20 4.64641982005e-52 5.39183934153e-11 1.07259676961e-53 2.26048298383e-20 4.83993466633e-24 3.30330076117e-32 8.79078994535e-16 5.65824306234e-17 6.96517345583e-07 3.79034503102e-08 0.0232387246341 4.7944206564e-16 3.07612265796e-41 3.23151425165e-27 3.62032822931e-20 2.74307464333e-37 4.52310980769e-35 3.81321799324e-36 2.43863276585e-56 5.90274915276e-17 1.94898067506e-23 9.31268472584e-22 1.01234393837e-40 4.62464562477e-81 1.41557576132e-40 0.14802170664 1.34708049406e-13 
2.14096863127e-32 2.37663516305e-25 2.5080958908e-32 1.80012049945e-15 0.0485425678744 3.88723844637e-26 7.79158521107e-10 0.00257173643905 5.14579241451e-22 1.25649328961e-11 6.87008099901e-96 0.00734559311437 1.84539434997e-47 3.47810819625e-32 0.538974410353 2.65797448963e-17 1.02433195861e-10 0.0246528607413 0.055816979153 0.267015589954 1.33334792146e-59 1.3725682293e-91 1.24190015792e-05 9.2943073531e-07 0.00013501504164 1.07762315263e-12 2.99857397402e-95 0.00945069283526 7.07929837065e-31 1.36627648781e-15 0.00683797484236 0.000202477339838 6.35379237386e-09 2.09654898167e-16 2.40072793659e-85 8.77535815825e-32 0.0162003009208 3.42495539587e-12 0.0222404107212 2.7207318651e-12 1.47687412548e-50 7.8466725051e-83 2.5207008586e-17 2.4930551768e-22 3.49827872931e-08 
4.2773164294e-30 3.21865058228e-08 2.01378829605e-37 0.11555809412 1.03633464043e-08 7.06608267143e-42 1.93821745036e-43 2.65364476895e-07 5.55764786429e-12 0.0656372011229 9.45091706374e-33 0.0881567349883 8.40402101966e-23 0.0493248216428 1.38168819424e-26 2.27177006709e-28 6.39304241356e-45 0.00821181540416 0.149113744327 6.69193444469e-13 0.010410734075 1.66324453035e-17 1.2313377214e-43 0.105634494891 0.00349915467133 1.01531161036e-11 2.35174793483e-14 0.0204161294566 0.0202348046345 2.80424134991e-08 3.08388479283e-92 0.0842217012018 6.96197716273e-42 7.86324857474e-06 1.68310168836e-08 4.87381757137e-30 0.083693191386 4.7918118147e-19 3.12958792957e-42 0.00177219502253 2.14743034149e-11 0.025934895089 9.88276844084e-35 0.168172071893 9.0426248906e-24 
0.0263001679225 7.30245153696e-34 0.329186458842 4.66517113797e-09 0.146980612011 2.96684419266e-15 1.514898422e-35 3.79289501772e-16 6.64878225548e-25 4.94091393957e-09 0.122111767242 3.78413107502e-53 3.17813216871e-13 1.0372598385e-09 1.18541469947e-21 2.15048468418e-07 0.00144672012758 2.00787450474e-13 0.0706155876398 7.16166893117e-29 1.50941605695e-09 8.81092898565e-20 4.50015745938e-22 1.48885792239e-51 5.3519872176e-33 2.5592840396e-16 3.88503574738e-43 7.86934067771e-64 2.44701603716e-13 1.13965536715e-15 4.81136886857e-10 8.43281022581e-28 0.129273281437 1.07255033002e-24 7.84142028166e-62 0.0808378085525 8.59769774511e-12 0.0932473679969 5.37294580703e-10 2.154028259e-30 2.22229139738e-47 7.68371841553e-55 2.58811719695e-39 6.4798608717e-29 5.86567409087e-55 
0.000142029430214 2.57123268197e-10 0.00377144139373 0.106422889988 0.00553431096647 3.94556198225e-09 4.22258225322e-21 0.021408063841 4.482496015e-06 0.137975948097 1.40725642272e-05 0.0630962704922 0.0821428463323 0.0373472776291 4.30888998658e-15 2.0677732353e-18 3.17238651155e-14 0.0467918336147 0.141076171208 8.71128638036e-10 0.035886827534 1.3281480622e-10 7.18539859966e-17 0.00297486646413 1.75158618957e-25 1.55372288425e-19 0.0165250938328 1.14755848275e-44 0.0302717932159 6.62223734712e-05 4.98549056727e-72 0.0418302607108 0.0116934466641 0.00942143203432 5.96243639165e-11 3.4114187327e-14 0.0250257651797 0.0304617866622 2.19585400367e-05 2.36815630906e-20 2.17286787681e-12 1.79349811097e-07 1.07537257807e-39 0.150089807764 2.91635391613e-06 
5.76813334504e-25 6.51323644945e-40 3.19916162072e-23 2.02259150969e-13 5.54837309033e-10 6.22953342155e-12 7.49268335194e-25 9.47982249527e-22 1.01799484942e-13 2.45246519943e-17 3.59013383437e-22 8.8403074674e-27 6.49839263349e-15 8.69803324671e-14 1.20010213238e-16 3.43133130562e-07 0.0201845734093 2.99106434644e-10 0.000290062439905 1.7108474553e-33 3.39789542259e-15 9.75203393739e-07 1.43858203612e-13 0.0891023994233 1.40445318649e-27 4.09681572494e-22 7.19024765393e-10 2.42962805139e-48 5.59909866172e-18 8.02786833893e-13 3.30426629529e-35 6.00680106797e-25 0.321397717222 2.20220817631e-40 5.11855449025e-05 4.52316815669e-14 2.87644286305e-15 0.450474551645 0.0566580975682 0.0618400928285 8.8763911801e-13 4.50149077893e-21 9.95742231109e-24 2.85700389781e-18 6.51347286973e-13 
1.58071694125e-27 0.0587307287378 5.65835777468e-33 4.68673496836e-20 0.260779102447 9.08292423813e-19 0.000126539763195 4.2390718735e-14 1.89110044726e-26 0.0749238865192 1.06358650303e-110 1.99493268162e-11 2.06417740479e-35 4.64289980271e-23 0.0957205645232 4.27794616017e-13 0.0437274646224 7.75066581868e-17 2.84313344792e-13 1.07491625991e-05 6.48072184019e-31 7.62636749496e-72 2.041355597e-05 2.50450663298e-53 1.01477956926e-22 2.24643452052e-08 2.31146600862e-78 2.10763287815e-17 2.19422418959e-35 3.76934737386e-18 2.99296146488e-11 0.00423296429519 0.000563595100477 2.11449758739e-11 9.2246349584e-75 7.17587320983e-17 6.9352050691e-24 2.08539931728e-23 0.000135907246883 1.37189926588e-10 5.41123796398e-55 2.20040207474e-54 3.2612864033e-45 0.0127616250088 0.448266436344 
2.93187426906e-19 0.0181652949261 1.25767143039e-19 3.92652625469e-15 1.13028412597e-12 1.21501822591e-20 2.94615414572e-29 3.94593251631e-25 1.20472779352e-24 1.07887505825e-12 1.71509772477e-24 0.0217206467004 2.9686414019e-21 0.0301383904923 3.52071992789e-08 2.08973814372e-33 8.16092162575e-29 5.24966366163e-12 0.0525806565144 1.77967154724e-36 8.66618124871e-31 2.02701660555e-15 0.0137123438737 0.0398966470415 3.29149420128e-48 2.04724548331e-11 3.73173587368e-17 0.0497055319401 1.24727401454e-21 0.666580485947 9.38370565001e-36 0.07798798678 1.18206130279e-14 7.61624540314e-13 5.28195740869e-26 1.26705012653e-24 9.50300824604e-23 0.00331857338995 3.65954810447e-28 2.77601987892e-10 5.71415202159e-12 1.42487772174e-43 2.34604495194e-60 2.91399304799e-09 0.0261934039616 
0.00408333233823 5.3214308509e-90 1.45729680538e-31 0.034521295549 1.10648616686e-57 1.04780970982e-10 4.5156089862e-32 2.34120851236e-60 3.46359535527e-15 2.64729620745e-28 0.0770033281936 5.61368487521e-22 0.0010994316106 0.0117348347868 2.05138160397e-21 1.71333719311e-12 1.38060240957e-05 2.04714534586e-28 2.67212621785e-54 7.27922763787e-84 2.58282491801e-24 0.139665841508 4.50905898972e-20 7.65282104584e-27 3.51705735172e-37 3.31030244006e-13 1.10796909009e-08 1.36732269921e-74 7.14342761374e-28 5.60280031011e-30 0.0432179651109 7.30424262241e-11 1.07119309058e-22 6.27603101272e-31 6.49230174786e-13 0.125640606295 0.517627043476 7.21934593315e-54 1.2329304936e-15 8.39626242288e-40 4.22002843115e-27 0.0453925038476 1.05803675242e-38 7.43110757422e-27 1.65775992357e-49 
9.81132305884e-21 2.11756110294e-49 0.00480114294584 3.65831120283e-16 1.82288462012e-17 0.0278794076256 2.3596106653e-34 3.18030378992e-34 7.42166600123e-20 0.0234687665603 0.138867122625 8.84260341328e-13 3.0435088348e-17 1.77199309341e-34 1.95171392374e-12 6.42387951233e-18 4.31322400799e-05 2.48686738616e-11 0.0756241759201 1.36036596781e-66 1.472721383e-42 2.88950485851e-26 5.86952478717e-06 1.36855377479e-28 6.49608315886e-45 5.6480027618e-39 4.30954874218e-17 3.11198372372e-54 0.00863086945904 0.000742614369107 3.4941698626e-22 9.52709044842e-29 0.425573541854 1.46083831541e-29 6.74608080059e-14 0.0468045177149 0.0127862075446 0.00010615462896 0.180342480763 1.93425027812e-30 0.0304609240769 2.32842745609e-22 2.00958811895e-60 0.0238630721195 9.10461602339e-76 
4.11205202613e-69 4.94595505116e-20 0.0600627403972 9.25745609714e-05 6.34182153021e-20 1.82917947863e-126 2.05699890216e-11 0.0946458996823 0.0466375707399 0.0433608119504 2.80895372184e-81 2.10823627883e-05 8.04944474595e-93 1.43691574388e-09 1.89577246133e-29 1.59462901075e-58 5.55984565953e-54 1.67322424767e-23 5.533560723e-06 0.227774074521 2.07366280397e-43 2.6864931762e-105 4.49635501682e-97 4.31928602457e-27 0.183541025442 4.93046049718e-20 1.45067509877e-128 0.149683200916 8.11530843164e-06 0.000835385050758 2.43388251978e-75 0.0286922260343 7.5240087866e-103 0.0338106175971 5.60145071717e-76 2.53415955763e-81 4.63491886011e-20 0.00362122119292 5.03644772512e-89 3.99930647465e-21 1.94353628875e-48 4.97894247348e-30 0.0893317320362 0.0139599172391 0.0239162699504 
1.05479563234e-14 2.09781004489e-46 0.028360878485 1.01987675644e-18 2.0450487933e-12 3.49846992271e-17 0.000193454193047 1.70215848699e-28 2.9314336535e-26 1.1146195994e-23 0.000293019350812 2.20257359907e-69 1.59789471811e-13 1.4914676383e-23 6.72766833069e-10 1.4935575784e-08 4.38977424924e-05 0.000435027612746 0.0270549062885 1.6060247053e-63 3.03826571558e-54 2.39452712903e-06 0.0190582577937 5.54736168413e-39 3.36371294034e-57 2.12095188051e-38 1.79243352068e-12 4.53418482876e-84 7.05503012555e-18 0.039701450059 2.20048696895e-07 2.46872314396e-48 0.727568875523 3.46020171121e-48 7.92467990206e-15 5.01557099719e-07 0.0186305000074 8.09332055494e-08 0.0966044663547 1.3780000358e-33 0.0420520539113 7.97135630702e-43 2.05087127869e-69 2.92104440452e-19 3.20121802742e-78 
5.50152252793e-13 5.74889407206e-22 1.33845028406e-21 3.58461311603e-06 0.000679352729083 0.000743643840976 2.16817603935e-22 0.305382841435 0.105864672153 2.46210666055e-08 0.00402098483203 1.15315242278e-33 1.03092802494e-18 1.59036508057e-10 1.48318512734e-05 1.83996640557e-29 8.57118303256e-11 2.65240666977e-12 0.000139511111503 0.497249887436 4.6940490953e-19 9.04856437378e-20 0.000285655348596 2.00840170654e-13 0.0662586300826 3.28283646386e-12 3.40159107383e-16 0.0173826275485 2.76911624577e-21 8.60498515317e-08 3.07844923939e-87 2.31935088038e-16 0.00145076860612 3.03583392825e-26 4.54311977484e-13 6.973371153e-24 3.57859253492e-05 1.23336584645e-06 0.000485878198544 2.17928626115e-16 1.36104709179e-24 6.74679539553e-25 2.69098037037e-16 2.15439431242e-18 5.58955392611e-30 
1.00319417288e-07 1.59864611397e-80 6.14749918922e-16 3.69656564657e-12 8.45232243359e-82 3.65031095203e-12 9.36682551624e-46 3.43148355025e-41 8.41364451028e-22 0.00556699922608 0.0227940757949 3.22730700744e-50 8.04520166421e-07 2.45764753211e-07 3.22415316219e-25 0.000959722584274 0.126269781507 1.51125274878e-43 5.69021620298e-78 1.2822605787e-57 0.0107695632924 0.0666032109173 4.97044011053e-12 5.26258403249e-43 1.25533719711e-37 3.66316466616e-25 2.47956049859e-19 4.40105035016e-73 1.03948286324e-35 2.79156636451e-41 0.314212231392 1.0366661918e-47 2.05952125242e-05 7.99682384009e-44 4.03071288638e-19 0.000436560042106 0.195752377206 6.92940112179e-65 0.256613732209 1.01536852128e-43 8.31029443295e-29 1.00896064872e-51 4.50782608049e-33 1.25370645538e-24 2.0082293673e-70 
8.39121374506e-71 0.00406925614567 0.0244331976836 5.15812768495e-06 0.0234580618898 2.06649225542e-61 1.06479625349e-72 0.035403357446 8.36023791158e-12 0.030764072501 1.51713523261e-76 2.49811070821e-36 1.7530028706e-61 2.65266451369e-23 8.99462522082e-22 6.8333594588e-67 4.00789103413e-51 0.00136473802801 0.0637969993295 0.0335705169853 8.69150983846e-21 6.45496194324e-136 4.65417810009e-40 0.0130273353526 8.70569556366e-83 9.22256548893e-06 2.04904855572e-168 1.243272157e-26 1.86479568237e-11 0.452049710687 3.87678682036e-92 0.064084371922 0.017493289964 9.87155034088e-30 2.08763020821e-117 3.68012723642e-38 1.24801853598e-45 0.0838121877019 4.77587767619e-45 0.0448830835726 2.77280909442e-21 0.0119277244052 5.97651477804e-32 2.17934999079e-17 0.0958477156651 
2.93619792405e-20 0.00334021710025 1.40859901936e-13 3.28703624918e-08 5.67482944616e-05 7.9267147992e-34 0.000663019515046 0.000911699913107 7.08608470127e-10 3.64731263188e-08 3.05444221127e-10 0.00578503829138 8.10196463346e-16 1.24147275e-12 1.667823649e-06 6.27224692294e-22 0.0117214486131 2.4207734437e-14 1.87372584469e-07 0.372231728678 0.00885847128462 1.05552909638e-17 1.1727322268e-18 3.46535566057e-05 0.0372353694976 0.45013914603 1.14141259618e-14 1.10733599946e-06 0.0154823928339 4.82650038253e-09 4.41191266097e-86 0.0334927841266 7.51444034648e-27 9.68055540304e-25 5.50132540222e-07 2.50530900596e-25 4.6440503963e-08 0.0066079924176 1.8210946503e-18 0.0534228491651 4.25338220617e-12 6.86061771242e-07 6.96363180247e-06 5.14763542135e-06 9.05866293557e-09 
0.33415219867 7.30997451986e-43 1.82494037629e-12 9.78904402808e-28 1.98132029705e-53 0.242947774686 0.00141940439036 2.01237443354e-36 7.22528530631e-46 7.60144428053e-32 0.0375825144911 8.0397082559e-48 2.42919420907e-07 9.28778915422e-56 6.50016554338e-10 0.000243742874167 2.68326036981e-20 1.06303377952e-55 1.56651250658e-54 1.08029674957e-33 3.96690118838e-14 0.0612073234079 2.08054801571e-18 1.151201075e-26 4.82083164551e-71 2.30434718995e-41 0.107792256376 2.28006755543e-68 5.68968836431e-48 4.51609128402e-35 9.05581276638e-08 4.92238979981e-26 0.0029057662931 5.2168080391e-43 2.07705242895e-09 0.211748682605 5.71266798285e-49 9.75308327184e-49 1.61362596258e-28 1.78328103733e-61 8.44360866733e-26 2.53113164997e-62 8.90275151104e-83 1.45302821934e-45 1.22613985625e-48 
5.75678810972e-05 1.5492480727e-57 0.0787721671207 4.88928392791e-12 3.6163058017e-37 0.0340147509922 1.6673655409e-48 3.13008987724e-51 3.13084092971e-17 8.32431668635e-15 0.0248168015411 0.0338658427044 6.85810919122e-24 0.00936966634784 3.22079042769e-17 0.00485907914805 4.24614215647e-08 1.18451061175e-13 0.18954454158 1.24550790155e-76 4.46586617043e-43 2.84565589924e-34 3.97701305084e-11 3.91428129602e-28 6.88059235174e-37 7.12827110857e-32 5.08441116205e-21 1.41442727579e-76 1.34042185701e-10 0.00112640506818 2.93607600848e-25 1.62076427026e-35 0.25362897199 9.46554119941e-08 4.27604453441e-24 1.61500602931e-06 0.0321915470639 7.3232902006e-33 0.22659194162 1.6207374377e-37 5.88896878447e-11 5.57218321444e-29 2.39348773234e-88 0.111158964582 3.43429762032e-57 
5.22782747567e-29 4.1393591357e-31 5.17675257908e-23 2.74783795323e-13 2.51692036436e-05 8.26933872975e-23 2.37567969149e-19 0.0649458916108 6.16416512585e-07 2.8037591973e-12 8.47129618045e-15 9.09485710928e-16 5.85218375231e-14 5.74158659612e-18 2.81907407241e-19 2.70488438593e-35 4.22850874982e-30 1.87989260706e-13 1.44808182929e-12 1.13895101487e-05 3.60024396146e-05 8.17725737687e-13 1.04289478698e-25 3.36718709208e-16 0.871157133253 7.50182040439e-13 3.73143223973e-16 0.0102936108405 1.6714968035e-16 4.47233584249e-08 6.33243647461e-87 1.70070041464e-27 1.42002921602e-22 1.7027717737e-37 1.02697743226e-06 3.52667983196e-32 0.0180223499132 0.0355067650919 9.65706493765e-25 4.01755334998e-15 1.28719097563e-22 1.36026646241e-11 3.75182516822e-13 3.93541689088e-23 1.00929995434e-31 
2.02565931671e-12 8.61500410944e-72 0.0100218294904 9.69753808391e-08 2.18844145874e-12 0.0313005068443 3.59556999277e-16 7.17916618272e-47 1.0317959145e-47 4.33786818636e-12 0.0777790023347 0.0210822855734 6.7072919712e-15 3.08291459023e-38 2.35591201169e-14 3.09702962066e-17 6.53266391138e-06 7.44452469478e-12 4.17137441072e-26 1.06619281748e-76 4.5133771483e-45 1.52567325965e-07 8.41000825887e-10 3.5838415342e-31 6.43158366288e-46 1.18933110171e-30 2.26847504883e-11 7.51492841813e-86 8.8127436935e-19 4.1387814866e-10 6.4389569332e-18 4.64430813527e-56 0.660862388703 1.86041270434e-28 1.48795234519e-24 4.14278177816e-09 5.09248216532e-18 6.15578787019e-07 0.137946561682 6.04901033953e-07 0.0367575093295 8.60986286855e-53 1.55999050402e-64 0.02424190792 1.92689777064e-39 
0.0257247835321 0.0502714287897 4.70212113549e-38 1.37396850618e-31 2.29887997394e-06 2.84342198569e-23 1.57696423806e-64 7.3440575269e-21 1.37569538433e-34 5.16122903447e-15 0.0304538068574 0.0680465916092 3.05221226115e-27 2.10095260467e-24 3.06083624223e-16 2.21807843087e-29 1.17905714976e-13 1.28080324648e-09 0.118384415599 5.10124947094e-46 7.75943326052e-57 2.07559932663e-71 2.61994341584e-17 1.06640020528e-44 1.07224438375e-52 9.33841062117e-13 1.1403689049e-56 3.33942435802e-70 2.86824049292e-13 0.0149881089087 0.26591408579 0.104847607831 0.164786274158 0.107865844256 3.85435300664e-45 6.35598938098e-23 1.15242721171e-49 0.0487147497327 2.77425844908e-09 6.46781257278e-40 3.00197068477e-24 6.00856466411e-60 3.02905290454e-65 1.34772308959e-23 5.9977266291e-54 
7.25365812275e-12 1.54502738101e-38 8.59955999213e-46 1.54793885342e-09 0.0547827724366 0.092497023386 7.31008212091e-41 1.32233151685e-33 2.44341851546e-22 0.0140163049988 0.0292341267085 1.671918222e-23 2.05483362323e-20 0.0121386574803 1.82706008792e-13 1.95463960125e-11 7.28915743512e-12 1.62499597767e-06 0.00772814991352 2.77757102619e-51 0.0203519706481 0.00312645252243 0.0109165451698 1.75444296315e-39 4.33244281688e-30 6.85485086112e-30 0.0202601378082 8.82958297936e-48 3.64488609275e-18 0.0526166927732 0.00331230983172 0.00448953308236 0.291422317965 4.72081948386e-10 3.18526781175e-19 0.0870907738448 0.0293306416789 0.179323900455 0.0185614780818 5.28764668469e-19 3.43772791556e-50 1.60444395187e-79 2.40122879025e-102 0.0687985841646 1.26159601341e-96 
1.6997527435e-21 2.22533204121e-54 0.021087158045 1.12905277566e-25 3.88485477825e-24 1.78003618902e-15 3.12816686743e-18 4.89667808654e-21 0.894284636164 2.79439252109e-23 7.98789891685e-45 7.40744600765e-20 3.57559614662e-08 1.23056397718e-27 2.16640184101e-06 2.84061941626e-12 1.11291289835e-09 3.75116818749e-26 2.8267437212e-11 2.09521258493e-22 6.2532848357e-20 3.65065619062e-12 0.0112571224113 1.18477417783e-11 2.65849497218e-05 5.18917232808e-23 1.66763840197e-13 4.31514015825e-12 1.58044479328e-07 2.35953638067e-05 1.01113654863e-47 5.110477291e-41 7.39800951074e-07 7.23850367836e-32 0.0196692677246 6.16939430994e-10 7.8787421436e-14 3.30064560286e-22 0.0536485335578 4.47741493794e-18 2.89772214135e-37 1.77935529692e-163 6.23061768108e-48 1.25462875871e-16 5.4562907004e-75 
0.011822172953 3.38974907995e-84 2.71898084401e-21 2.36649430147e-42 1.09586713231e-45 0.38624293121 9.56617622086e-21 8.96029271948e-61 2.33980630387e-52 9.4588121536e-40 0.00837574563466 1.31086792955e-57 0.0570131994728 3.49580839877e-63 5.12003477187e-10 0.00218456868313 0.184309576576 4.51561941016e-38 5.61933813186e-53 3.13591093127e-42 4.18415273493e-09 0.114001240715 3.06129785027e-07 7.10737951401e-35 3.96265310341e-26 2.9863737904e-44 0.0347706158824 2.44489519255e-52 1.83505931533e-38 4.55091554965e-47 0.177212304861 4.40440715799e-56 0.00894515730147 1.24464254005e-60 0.00072322678816 0.0143981615999 3.68278731467e-33 8.06065416058e-41 7.87496376009e-07 2.41180894304e-53 6.06388441918e-14 7.7894513392e-66 1.57188875159e-67 5.97735899089e-32 3.08966845664e-53 
9.50153691897e-85 2.34671487577e-20 5.05604074707e-21 4.81648428939e-29 2.73927804266e-72 2.08139178637e-65 4.47128185524e-76 1.70481472027e-87 1.14099859457e-85 1.24222768773e-25 1.37256846054e-84 3.55875069432e-61 4.29569261454e-72 2.35557820706e-77 2.66135561067e-67 3.72619927719e-93 2.05402229177e-73 9.61181119177e-36 8.14977383692e-73 4.30725470761e-90 6.26072968018e-149 3.19566580378e-97 1.12938304273e-64 2.72157211359e-85 1.05757726148e-96 4.60375645106e-78 2.15349002037e-105 9.07198317938e-70 1.30848410973e-80 6.27845205335e-74 5.07600509846e-71 2.50948970382e-35 5.23091530015e-65 2.80496494683e-31 1.99271698912e-92 2.30686152329e-89 1.55761719626e-77 1.17801729603e-89 6.84453316277e-64 1.3029905426e-49 5.1656798314e-101 1.0 1.41896760237e-24 1.90591314862e-60 1.16421588154e-99 
# The emissions
0.516308154222 7.92908013009e-98 6.83245647987e-97 2.34354921396e-32 0.151082311632 7.07969834789e-56 2.01002056339e-72 1.49993045995e-163 0.00122143452241 2.75993631441e-292 3.48390981438e-65 1.28260360006e-74 1.36479373855e-07 3.86365925245e-52 0.180770310563 1.16682791133e-40 1.95274429877e-293 4.96108127238e-41 1.09372993213e-35 1.91283981262e-36 0.150617652581 9.67278764628e-93 2.74607824418e-141 0.0 3.94705745777e-38 7.0372922554e-43 
0.00106072469536 5.26114245893e-18 1.15888260286e-36 8.03469967004e-21 9.35169037559e-27 0.0808971959877 0.381133483182 7.28155789167e-48 2.54676306119e-18 2.04794729616e-94 0.505136977733 2.42791025891e-28 3.19995358552e-24 0.0317461566501 6.44538789204e-55 1.5085128496e-27 0.0 5.85729968308e-19 2.391822555e-05 1.54333088897e-06 1.94998863869e-10 1.65305373345e-41 3.38089559027e-80 1.33748067112e-74 6.83864717523e-122 1.31596836106e-15 
2.27741757436e-41 9.68635493588e-77 3.10328626958e-151 1.08060839103e-35 1.36647503976e-18 5.41326938526e-33 2.63613772664e-45 1.34504386976e-51 2.1706209642e-47 4.41546832149e-174 2.43404984817e-79 0.743582353951 0.0459807064536 1.40076071949e-09 3.07203011912e-70 4.10466001126e-32 1.5382597349e-200 4.54577868631e-16 0.0977107255959 3.25752865479e-17 1.11709435612e-67 1.39820769678e-76 0.0306711285252 4.06511171014e-180 2.41818410784e-220 0.082055084074 
7.30788729235e-53 0.0099208269525 1.19941983941e-48 0.266794826172 1.38798083648e-26 0.039436907858 6.15723427848e-05 0.167697801785 7.06039245436e-05 0.0437046427374 0.0399801277528 0.0868127256147 0.162768601096 0.118253825073 1.34669412533e-141 6.5576221224e-10 1.87963678292e-110 9.10260590043e-07 0.00769421142412 0.0029511979537 3.61001821627e-56 5.90213498532e-15 0.0535657790988 1.03615653225e-74 5.13911192327e-112 0.000285439298872 
2.55586186993e-37 5.55804750867e-34 8.42339271119e-95 0.000571810748008 5.88265865909e-27 1.9221852869e-19 3.32195399223e-08 5.96878617415e-37 2.46996260139e-37 1.14695191389e-140 3.0525195701e-27 4.4819539944e-19 3.19856855658e-16 0.139220886585 4.28953927554e-38 2.09923890713e-27 0.0 1.43849447793e-14 0.0372226160557 0.815314615286 2.36571759878e-38 5.34630474489e-39 9.39079786667e-49 0.00767003810608 7.17987070723e-48 3.20593077032e-22 
0.0151073461403 7.71951824215e-42 5.84442526984e-55 1.76457886178e-42 0.984892653859 4.62006827111e-55 1.08719264029e-62 1.57032141861e-50 3.67283925895e-13 1.91441866229e-105 2.58001006154e-61 1.79265143682e-16 1.25702580676e-36 1.66900554082e-26 4.05111512647e-21 2.99264461758e-52 1.95752414504e-154 7.36055986168e-27 1.33524680676e-43 3.37955781264e-25 4.75730767507e-34 3.18263555212e-106 2.17707841433e-21 4.64502916176e-212 1.51950624463e-64 2.81290586401e-36 
1.68459528704e-39 6.12185035919e-28 1.6387859998e-112 1.2944356157e-59 2.84861899922e-47 0.123475431165 4.06790403642e-23 3.32921673213e-60 2.18646007882e-23 6.31880986103e-119 7.15329158864e-59 0.00291871490636 1.30169498707e-09 5.84228814045e-07 1.67221659603e-20 0.0301264652401 0.0 9.9795267245e-18 3.23186282196e-22 1.41131943317e-24 0.843478803158 1.78835353173e-96 3.60487066382e-66 6.2472326026e-88 2.39492738511e-147 8.71975613845e-60 
1.82851555025e-19 3.94064216631e-30 7.00690284041e-96 1.96492810719e-41 2.43401136552e-16 3.2281124902e-17 2.0454873531e-24 1.36529207814e-37 3.25508075034e-10 2.06025451484e-178 1.13192171412e-34 8.70259485788e-09 0.0629651008758 0.710355108534 6.00615340667e-56 0.00186528880572 0.0 0.0468999090233 0.17791458342 3.13076524718e-10 1.38198922379e-14 2.97468312876e-93 8.64893227521e-107 2.52008157127e-39 6.05951378826e-191 2.55550431339e-42 
4.03032289703e-41 7.29308336605e-12 1.95659814292e-109 3.4731787462e-39 8.94222439373e-17 1.14296342956e-24 7.40485235484e-27 3.2917823722e-34 1.91127450434e-25 7.73242356105e-178 4.81311501902e-66 0.123389301516 0.266332194935 0.136538037005 3.7314757489e-109 0.0281762278367 0.0 0.445564238701 1.68152682088e-22 1.68162632979e-16 1.014916166e-51 1.47077549023e-45 1.8851565395e-41 2.31321493618e-126 5.79590836143e-135 1.8530595037e-46 
1.00354000102e-21 5.83467044344e-07 1.83824965442e-49 3.005802027e-09 4.69061486007e-30 0.182134156355 0.0241837607887 4.59092958299e-10 0.000943449419729 2.59766724308e-17 0.182004163959 3.24250011452e-07 0.158969072345 0.406991525257 4.15902411225e-62 2.13116177304e-19 6.20626533711e-165 1.37611786566e-18 0.0122303167941 6.49061257026e-06 0.00431447338848 0.0141707436374 3.1546807076e-12 1.21410721452e-117 1.06534903643e-106 0.0140509362582 
0.000415940932102 3.50744081598e-85 1.20772418831e-133 7.89693991944e-24 2.04221812986e-05 1.15718065363e-32 2.45519154229e-50 1.54581672324e-61 2.42822663994e-07 2.73402671929e-230 2.64628364585e-52 1.41049499165e-51 2.08903923969e-29 5.36609819805e-34 1.83539967588e-09 7.38408743006e-56 0.0 9.68579997856e-46 6.32844901368e-39 2.00488985774e-23 0.999563392229 3.29609341606e-72 3.3875144785e-108 8.06646132525e-91 9.00180692279e-100 4.89481207279e-45 
2.88785704126e-53 0.325950035121 1.55505196069e-28 0.0558710964361 1.08891607652e-37 0.0140268130198 0.491019422314 0.00574968859097 8.75034530914e-28 0.0473313102835 1.14457700387e-11 5.45480810776e-07 2.75873932246e-17 2.66228711897e-10 2.42498951283e-93 4.07259343822e-18 1.13047139737e-108 0.0465945751586 0.00243837237156 8.66305402103e-10 7.43314249919e-57 0.0110181400727 6.22205255624e-12 1.84368251064e-88 2.12532517086e-92 1.05739508645e-25 
0.267299419592 1.25538339086e-54 3.09873164598e-42 0.000220611376049 0.130517184803 4.77672857631e-60 7.1839493276e-82 3.61924996014e-112 0.368240646421 4.52977129081e-97 6.58745214019e-33 4.35758839665e-77 3.58361247584e-16 1.39921363812e-57 0.0156014681517 4.99468810738e-72 2.30695449832e-204 2.94002650554e-69 2.26560393189e-46 4.99826641194e-38 0.218120669657 6.21146762715e-134 2.44686055993e-78 5.57190526024e-276 1.70102394373e-36 4.39462199079e-61 
1.17274305025e-07 4.24606849062e-16 3.34626632655e-101 5.71760041304e-10 2.0416103678e-35 0.703557178956 0.0970491097913 3.30169444686e-19 9.80290972156e-28 9.36260888131e-66 0.000257589730438 2.99385130478e-11 0.0640750278375 5.68829426846e-23 1.94238300677e-77 0.00145704828667 3.83923934246e-272 0.0363286800309 1.06997718363e-07 0.0972751404927 3.12675890975e-53 1.08847127313e-12 1.68814330523e-24 1.87732848274e-138 1.05614363532e-119 5.60134998717e-33 
1.42762403959e-43 1.84900555448e-10 2.18118151159e-90 2.60547414882e-114 0.799731773431 4.0811968373e-10 2.16244908424e-33 3.52981741895e-89 5.76611802327e-83 0.0 5.10477042903e-43 0.122087843066 7.3074520241e-27 8.49342285403e-09 0.000727878470828 1.62439864649e-48 0.0 4.00186752116e-09 0.0426526903555 0.0347998015878 1.17622288994e-89 1.30395398269e-49 2.40281272708e-237 2.93512018231e-164 4.20402405109e-230 1.28873084284e-78 
0.594195295951 4.74914584306e-44 0.0238068866109 3.08744198863e-13 0.113292821797 2.87679969855e-70 3.34792719809e-39 1.34968285551e-141 1.92696850271e-17 5.45576053208e-27 1.97339331684e-65 3.77874863022e-32 0.0244202830117 4.22369501114e-49 0.244284712629 1.7630874618e-48 2.84282437375e-26 2.24545532361e-21 3.01404669137e-50 1.49798394089e-29 1.42410024385e-24 5.61456659733e-161 7.76418678709e-98 0.0 1.43528980846e-126 2.8665604298e-30 
0.436135302043 1.00374101594e-85 2.76651830212e-70 0.00317344434696 0.48017949145 9.671863713e-56 1.80747133698e-65 6.16846735858e-113 0.0324349873767 4.63694647605e-152 6.53667324876e-68 5.45962583259e-76 4.64290323878e-13 3.60524763879e-77 3.87696240612e-06 1.63432690959e-68 1.25598148619e-178 1.0121627269e-75 6.5061387544e-50 1.41952483946e-38 0.0480728978198 1.0404234669e-117 5.68533332824e-102 7.87938713851e-184 1.50896305934e-38 1.05350449166e-49 
5.72639765286e-45 2.76935993374e-15 1.35550871237e-74 1.08570752289e-24 5.73811629964e-19 9.00485949133e-15 0.00912786362228 0.0458488101698 1.57408192362e-11 4.22202780919e-30 0.0302282523118 0.0148143600627 1.94938518138e-23 2.24389545329e-21 1.36407273028e-47 8.78600724146e-19 4.9659452364e-141 0.00872015203821 0.027882717729 0.854840852741 7.01123480888e-15 2.50302624444e-32 0.000798237413998 8.37674326224e-180 7.24021721589e-115 0.0077387538952 
0.000266813956067 3.8101902171e-24 4.09857558982e-27 2.41459682237e-36 1.01010358089e-26 6.69524502197e-23 2.78668930076e-24 3.92363241467e-44 9.74990204021e-07 3.3210496236e-52 2.27814695861e-22 9.32811771559e-29 1.79918922507e-19 1.8519812703e-16 1.08018433254e-38 2.71546757879e-30 1.19811400195e-180 2.1174309097e-18 0.999732209076 1.97777116877e-09 1.01021418375e-35 4.66873214872e-40 1.14105200629e-40 2.98110016686e-110 1.8830625591e-119 8.66301156086e-14 
3.60644193876e-60 5.8768568781e-46 3.79093159986e-70 6.84385822656e-52 2.14822747685e-11 2.69406798362e-24 1.71515017117e-31 1.76148351456e-53 9.35052882409e-15 1.77674728298e-153 3.34086789199e-69 4.51824101765e-08 4.22251582442e-11 0.898864335872 4.84221522834e-57 2.26030235969e-28 0.0 0.101135618865 1.08448070904e-19 1.69768980826e-11 3.39861817093e-31 1.51301466203e-61 8.97108458827e-122 4.14671375477e-87 1.07160271866e-93 1.36496254139e-43 
0.437560206045 7.67306090899e-28 1.65098056865e-37 1.25298615021e-05 2.07128268213e-06 1.73289040335e-43 5.86869283348e-30 6.81438495912e-59 5.64351256964e-49 0.024458491305 1.78467962378e-34 0.0257995809281 0.0121579016571 1.59314084442e-24 3.89848259442e-06 2.33143162796e-29 0.0143428117527 0.0132967461896 1.54414658883e-26 2.47687869386e-18 2.006463413e-44 3.25668442267e-91 7.68349348188e-59 5.93766509521e-161 3.2784325852e-134 0.472365762495 
0.00157749058515 1.0292470519e-73 8.89773554844e-132 6.89084084636e-18 1.18719007396e-05 1.57303238564e-57 4.08575949918e-79 7.48506452524e-23 0.996551825022 4.21684831481e-282 1.72773460725e-84 3.26850988604e-50 0.00185881249155 1.16444786306e-48 2.1448172484e-15 1.35914720938e-60 0.0 6.93964421457e-31 4.45045004646e-55 9.34417941485e-48 1.45362148193e-16 1.26814018757e-139 5.25216198774e-86 2.32002972713e-198 5.22285318563e-13 1.01506107556e-14 
1.15132494766e-05 1.07608781801e-84 1.88294887193e-119 2.08350740221e-19 0.987603703868 9.30772742454e-62 5.88620549655e-78 2.80320248788e-138 0.0123847828829 0.0 2.20245950164e-82 4.3826878798e-66 2.24210962789e-17 3.31115756712e-62 6.67939236377e-14 2.27069148923e-63 0.0 1.33671846438e-57 2.58120895192e-44 9.2919020191e-41 8.91747939026e-21 3.1863015659e-161 1.84622670681e-113 3.77228280489e-210 9.87661396798e-46 1.67758866563e-82 
1.36019479014e-20 0.657705518395 4.64348833473e-133 5.12497093791e-28 1.51915971122e-28 1.65593166407e-14 6.45032897393e-16 2.44197219465e-25 0.179857462416 3.06809179507e-128 2.23555376127e-15 2.14419873935e-15 1.2093050859e-07 1.24519056415e-08 2.72414586841e-68 0.0893405750522 0.0 0.0730962992441 6.13352010475e-09 5.37748357091e-09 1.17595713807e-29 2.23449111678e-109 2.24023525323e-55 3.55836984717e-82 8.34580044729e-102 1.66894660898e-17 
2.26879414584e-33 1.80021255549e-21 1.62215642061e-108 3.59360391021e-38 4.75705413241e-17 5.07233583286e-24 1.5531602442e-23 2.31167180272e-24 2.41354617857e-21 3.1625466004e-193 1.12265047426e-44 1.50754777859e-06 8.05131842976e-10 1.04850889895e-05 1.00631638938e-92 0.00161912142625 0.0 0.998303450342 1.30301373153e-05 5.24046521563e-05 3.00811455172e-19 5.40442524339e-65 1.21759735181e-94 1.2148304305e-49 2.54549433536e-76 5.22391473177e-35 
0.0330709519781 0.0279999692453 8.26028799168e-96 0.0256256682709 1.01920072637e-34 0.0903660423755 0.238576629019 1.80294039158e-09 3.61262933664e-15 9.68699814524e-144 3.96481907747e-08 0.000258790883419 0.103633619462 6.07016432074e-18 1.28254422436e-98 6.97017364188e-17 0.0 0.044889649306 0.043877742615 0.077207751576 0.298017869238 3.06271309279e-30 8.9436978758e-88 0.00837026732548 0.0081047495218 2.5773329897e-07 
1.42761032311e-11 3.55141651789e-68 5.3155803697e-124 8.21907437936e-50 1.77384910906e-09 9.79315716327e-63 1.28903916559e-24 1.65598520481e-68 0.999910151562 2.87973817029e-123 8.45734104478e-27 1.87026754286e-39 5.55744389294e-31 2.60444454446e-41 1.65497315677e-14 6.70684826482e-76 1.36958202365e-211 4.26275129689e-49 4.82990177171e-40 4.00696703737e-33 8.98466495266e-05 5.16132845148e-139 1.5972327021e-69 5.61112621469e-99 7.08285057072e-36 2.40863671849e-21 
5.36124650064e-20 1.23310115782e-17 3.45646225937e-143 4.73355932263e-30 2.85459689704e-08 1.212821731e-30 6.03906058546e-14 0.0152246319328 5.51049862987e-10 6.90998527579e-164 3.0127316306e-23 0.861330946732 7.25864960529e-20 1.59001581163e-06 1.76415673109e-82 1.51015674257e-05 0.0 0.123426065101 1.63555290439e-06 8.73474250865e-20 2.94599878723e-14 1.08846669584e-99 3.11046184763e-130 1.2270097508e-13 1.85469733245e-156 2.18077849719e-36 
1.08472004395e-22 0.0232917193565 1.61402403792e-22 0.0591985209973 3.1384557811e-12 1.96154953182e-10 4.42465672983e-12 6.71929990465e-28 3.33201633846e-19 3.82403865626e-49 1.18039086737e-09 2.31547607638e-15 1.12997387103e-30 2.56249910283e-24 4.46581635365e-39 0.431406536697 1.78154782655e-136 5.21962162378e-18 2.11532669565e-17 0.486103221558 2.99645075904e-54 7.65061069058e-39 7.12066897781e-12 5.02521853669e-70 5.86619342495e-125 9.27424511296e-14 
3.57426963578e-43 9.90199594557e-06 1.74932880213e-113 0.027523192822 4.8969047868e-31 1.0631694127e-06 2.66705852863e-07 1.33838261433e-18 6.38413701074e-05 1.05924883743e-145 1.17743623719e-13 0.386284640002 2.70242142559e-16 0.235281666753 7.32604230766e-48 9.77486077891e-45 0.0 2.46185796633e-23 1.08845510336e-06 0.350833637881 2.45728965535e-61 3.48761579226e-60 5.49678052442e-34 8.02210715078e-159 2.68601317966e-137 7.00846229466e-07 
0.000120279278267 1.05039830809e-113 1.61393054337e-108 0.00773350415209 6.93170013529e-08 4.91851572378e-53 4.62284712116e-27 2.53604546994e-139 0.00084506214065 2.26227601292e-306 8.70153892528e-48 1.25279135972e-73 6.44348332673e-22 4.85727597675e-71 0.990563411478 5.81299001027e-41 2.02756480442e-299 1.72310207141e-61 1.18427645937e-43 1.24598205261e-38 0.000737673633885 1.12655851417e-47 2.8356472361e-139 1.85070929444e-301 1.36866782444e-13 1.03585886123e-44 
2.5169827919e-23 2.66985990584e-18 0.0031523670399 0.389579564831 1.41670303399e-32 1.76480139637e-20 0.395030767307 3.78260749842e-19 0.00739683488947 7.37210539083e-115 0.0218566272806 1.91843179166e-28 1.46821676043e-26 0.130735128145 4.68089155411e-91 7.66843192109e-57 1.56113713845e-230 5.32939770458e-05 4.7466535825e-18 4.75655184526e-09 2.31265693109e-30 2.42160551718e-24 7.53554457933e-43 1.42568590061e-90 1.45194751537e-47 0.0521954117734 
2.91652658076e-07 2.18216857995e-83 2.29871543657e-145 3.15092639719e-55 0.978370496837 7.2739390952e-44 5.58697035997e-44 8.58684085314e-111 1.70307471068e-11 3.48965098353e-179 4.81822989574e-64 1.38865446481e-77 2.52630609564e-40 2.90047523701e-57 0.00461091671415 1.66417728831e-69 1.66486994221e-293 9.42975626278e-73 8.63025631996e-28 1.34117684376e-17 0.0170182947796 2.17659512385e-78 1.36742079238e-118 2.20197948017e-291 1.14896928344e-90 3.26196628336e-56 
6.46503806357e-75 0.000563230036336 0.00846564440955 0.0605902916321 2.04464381157e-36 0.201320429201 1.68035390823e-08 0.0225479306332 3.39976998723e-32 1.4749235554e-21 0.197722948735 2.41392650231e-18 2.2604864668e-05 0.000290859358993 1.74365652222e-105 0.12392367494 7.86859508273e-116 8.00174498849e-10 3.38649275537e-05 0.00125566975525 3.49691025135e-109 0.350467286039 0.0327955478641 2.45968794768e-250 5.04485120532e-159 3.51955920887e-19 
0.00708235667821 5.12329834941e-57 4.9217107447e-76 2.10570814392e-62 2.28457496264e-12 4.71916039418e-27 5.87310765856e-09 1.69064960242e-24 0.98739930255 1.69413964779e-287 8.15324794625e-29 4.29114757639e-10 4.89784000134e-30 5.89628274174e-08 4.3507019575e-84 0.00551790328834 0.0 1.12686926652e-07 2.89736028264e-09 7.54606415262e-33 2.56632310231e-07 3.69866457392e-170 1.64884712465e-132 1.72312565036e-18 3.30190192187e-103 1.49759548e-80 
0.78777773056 2.58218131856e-104 9.97970551613e-125 9.03300148009e-15 0.211331123425 4.0911016689e-77 2.75187199054e-78 1.41160844881e-116 3.30823676806e-06 3.05993364952e-184 5.41388277401e-86 1.69028412681e-72 1.18503608698e-07 1.13427975051e-61 0.000137494708622 1.79292318577e-38 6.87343927802e-208 5.37499983271e-34 3.1435352429e-53 5.79268167052e-45 0.000750224566367 2.0365362913e-146 2.40064714583e-123 0.0 6.84364086009e-68 3.68242023224e-60 
1.51660732582e-19 2.84315849511e-18 9.58304389647e-97 3.17633614763e-17 5.95494558319e-16 4.4511948884e-25 3.89978208325e-25 0.000198032975605 6.12756185372e-32 6.39742306012e-73 4.01722367281e-20 0.205972952276 1.40092326644e-06 0.000123231741702 3.34848934267e-65 5.08318439523e-32 2.16955211345e-180 0.793704382083 2.32072355072e-20 9.5155212819e-22 8.50196150672e-54 1.80704027196e-65 8.7420982396e-35 5.36503453134e-164 7.71956518074e-156 1.79488089562e-26 
2.22637009156e-14 7.64852186008e-17 4.43362480471e-67 4.55962868028e-12 4.59620657736e-24 6.82370409966e-21 5.51209634347e-12 1.84806038297e-25 3.448681149e-08 4.97070983014e-142 3.64522469132e-18 3.34613638964e-26 2.17598973409e-09 1.12565476102e-05 8.25534214159e-60 6.09172586495e-35 0.0 4.18679022164e-25 0.00170244083999 0.992983808818 1.02797656621e-28 1.29289725495e-33 1.58750486337e-21 3.38449209773e-133 0.00530240810483 4.90170812219e-08 
3.11350086074e-05 7.14438159123e-61 3.24213031339e-91 6.63184848147e-07 0.999840867152 5.99386504895e-35 9.78021627897e-47 3.09347930955e-110 1.45302911517e-13 6.40270441985e-238 2.05856872719e-65 2.93397420098e-66 2.64386053039e-16 6.16936203301e-64 7.51863968395e-14 2.95692922976e-54 7.35528023973e-305 1.29286000104e-62 1.32486344401e-13 2.49767889023e-23 0.000127334653895 1.72090824381e-145 1.35760163628e-147 5.40105503091e-225 2.49841358741e-82 8.20943191653e-46 
1.79343583236e-31 0.339460096983 1.28577099028e-76 0.178745363677 2.9124246413e-31 3.9236598664e-07 2.31441826885e-08 5.84974145259e-07 1.93477154803e-15 6.77564538274e-154 3.17514159315e-23 1.8180276601e-17 0.0168221945487 1.24513846457e-06 1.83060353834e-54 4.23103863037e-50 0.0 4.89071819186e-10 0.464969830709 2.63553213518e-07 6.96200914842e-33 3.69898593442e-21 3.29315733136e-45 5.58101237161e-94 1.98151296988e-25 4.41707420937e-09 
8.02242021308e-25 1.95826351402e-87 7.02170142475e-108 2.34989297237e-47 1.9196915936e-20 6.42017225603e-37 5.42830720717e-49 2.91076075177e-46 0.645449013211 9.84468220286e-157 6.01249599734e-42 5.73755220443e-56 6.23872815324e-45 1.78869371539e-28 8.69614614806e-24 1.67821078572e-24 0.0 2.86669639845e-42 1.41870650699e-17 0.0808174351505 0.011936548332 1.31196810476e-95 0.00939907993062 6.00478017711e-299 2.95334112567e-102 0.252397923376 
9.52422252926e-60 6.07552664053e-47 5.4290082405e-116 2.26566719374e-23 4.50002944475e-49 3.10745759166e-57 5.00506864098e-48 0.963547260371 4.24832124882e-55 4.09582912428e-213 0.0364527396292 5.28290187393e-50 5.39447795125e-57 1.79000097987e-49 7.31373410074e-115 3.21943017223e-44 0.0 1.206053392e-47 2.02422104157e-35 8.43510744994e-52 3.05835220546e-46 5.78633811652e-109 2.23360377612e-86 9.8280133024e-67 6.18930120268e-76 6.17318989237e-54 
0.0324970380614 0.0178755562109 2.59414477072e-315 1.79268601598e-39 5.90574374729e-22 1.89903917487e-56 7.10409728769e-22 0.559914372579 1.15391916619e-11 2.83260927135e-129 2.44402464368e-77 3.98656355916e-24 0.363848631913 3.29725660593e-16 9.18079136271e-64 0.0171996810346 0.0 0.00866464545912 1.31046273604e-22 1.59386958315e-25 7.47306982983e-08 9.55971293866e-65 1.49972558643e-140 3.03576989732e-63 2.73652859197e-81 8.78399673401e-39 
1.17477158403e-40 0.102828668561 4.38903297494e-37 1.40145839666e-11 1.32778827166e-29 6.89377481836e-11 3.51683453627e-11 0.0276995588765 1.88797642012e-14 2.16097509777e-13 0.0362035793285 0.0662120363815 0.111308855702 0.0147509228092 1.63307349441e-100 5.45800399015e-17 1.09527551839e-132 0.0164499895762 0.144815734116 0.0399703706239 9.08231590721e-52 1.24692268133e-19 0.360677400847 8.56131384253e-214 1.10054259171e-131 0.0790828830601 
4.98961903644e-40 1.2818230309e-87 0.968302498391 2.8555067309e-64 0.0316952099179 7.42148925823e-72 3.14557209358e-07 2.50859749436e-105 8.98623588257e-39 0.0 6.61004674973e-29 2.85569202914e-51 2.00561121217e-39 5.98078577383e-17 5.98955564946e-39 8.59337431013e-61 0.0 6.28877404662e-29 2.40466988017e-11 1.97710942371e-06 1.08183871944e-66 4.28949336263e-125 0.0 0.0 0.0 9.87031195047e-27 
