# The number of letters
26
# The number of states
45
# The initial transitions
0.00369294079709
0.000736308453886
0.0544491511532
3.21773255152e-29
7.90907121067e-21
3.22951877608e-10
3.73839368219e-32
0.00149280461126
0.229664727656
0.0336765293025
1.30902838225e-07
1.11669917667e-17
5.59200717924e-08
0.0669736347719
0.0347439082719
3.21959617671e-11
0.00384199821325
0.00148300215747
0.0271103698351
4.76750787583e-14
0.141301874377
0.100983885654
0.167148139845
0.00216684957268
0.0142164546563
3.77291476657e-36
0.0618193757257
0.003792404988
5.27489633564e-09
3.90269620304e-48
3.46065315233e-19
6.92294944366e-08
0.0262921491121
0.000185993430537
0.0193677674804
7.77224371661e-12
5.64062658324e-05
3.4365415572e-06
0.000505922910292
0.00043466524683
5.19833431665e-10
2.87357294522e-13
5.15346275751e-23
0.00385822080721
8.15952539034e-07
# The internal transitions
0.00023297281509 3.87489421299e-06 0.154696924374 3.30477489475e-09 4.03364010642e-41 5.31737611207e-06 4.24351999037e-07 2.28192949005e-66 0.16190009106 0.0427371473673 3.90265393249e-05 5.69373818181e-08 0.00464514386349 0.029608963023 0.125194438194 2.03287876911e-05 4.79757806082e-37 4.81059028028e-05 0.00384672481175 1.44756932678e-09 2.16428204721e-11 0.0580402580098 0.165741494234 5.50638512625e-06 3.80469645868e-11 7.88045831817e-10 6.30329358429e-11 2.54782685599e-11 1.34211894854e-13 1.13419539815e-45 2.48409145814e-15 1.21754424969e-12 0.00848823459688 2.2497402677e-21 1.2452589563e-27 1.28005982036e-08 1.596946213e-10 1.29805325248e-05 0.101456881295 0.000293682293122 0.0139138089784 0.0335897526797 0.00948459573079 0.0104778578683 0.0755153884476 
5.66732246515e-08 1.89808060336e-07 0.00491485798629 4.02480992028e-46 1.67263468183e-19 0.0492543443721 2.54484397169e-28 2.63730761329e-05 6.72529257595e-13 0.000350061375152 3.83020356513e-26 1.62238557611e-57 1.2819025723e-12 0.00706294536446 5.0288032225e-14 0.00624487191931 0.0587971321139 2.62785200374e-19 1.79421757918e-37 1.09390764639e-40 1.43615178334e-34 0.00344253409804 1.83362933728e-19 1.10768295207e-07 0.0983603558746 1.59302012176e-107 3.47759732527e-19 6.34914498514e-09 6.81021868184e-16 2.47209996852e-71 8.76713924322e-50 0.0215435040343 0.000387760500887 0.0174718145248 8.52888174586e-31 6.91323215699e-27 3.49021300463e-45 0.0414469989759 5.27238509331e-39 0.0198265061385 0.670869576045 1.98719156289e-47 1.05458623699e-75 4.39380630363e-25 5.8351684242e-44 
7.57098982907e-12 9.4103031744e-20 3.0436654462e-35 1.87873613669e-52 6.59884863089e-28 1.58425990904e-56 1.21936651664e-32 0.00011597102281 4.79043119139e-08 0.573169206575 1.93852339788e-06 1.2515214424e-29 1.47625043229e-20 2.59429091492e-51 1.1457522819e-07 3.8452283586e-09 8.90892256738e-16 4.58010270933e-49 5.2993246752e-16 0.0238848719877 4.61879543578e-56 0.133320184361 2.7740528497e-24 6.56875513919e-14 1.06541876055e-13 8.0011108463e-39 0.0233050366023 0.00513748651151 9.79687570634e-14 2.57148951116e-54 3.11490569334e-27 6.13941314866e-09 0.0378945692661 0.000132817661085 0.0959013306806 6.48263369895e-16 0.107136360054 5.40790937283e-08 1.95407997939e-28 2.3902179081e-52 1.43946156545e-10 5.91387055719e-11 2.09011569952e-55 7.35949540671e-19 2.62161091089e-27 
8.98170606977e-21 0.0815306411794 2.24908638606e-11 5.93182464887e-35 0.00612998988726 0.0761128756284 2.19319196333e-24 8.37407670988e-24 0.256693064936 0.108208923035 2.26772995916e-09 0.0684589045695 1.07033948518e-21 0.0549103429298 5.64394795625e-08 1.94546951557e-17 6.1902218897e-10 1.72303756598e-31 0.00222153149183 0.0341129643924 6.88654003802e-09 0.00362521826247 0.0891517791735 0.000645245843716 0.00583757156203 3.31178043589e-29 0.049796619352 1.57955652186e-11 2.67155331011e-07 2.4624835307e-58 2.49780754751e-19 0.000108769043888 2.93065660536e-22 0.0365814919047 0.0572823550892 1.16226372906e-22 1.44074930406e-23 6.05691504666e-05 2.9642624407e-19 4.36092715886e-19 0.00428431450254 0.00734927659997 1.09029331776e-36 0.0255659296152 0.0313312884441 
3.71247743842e-07 4.44385845355e-21 1.20511219711e-13 3.19596934108e-10 5.95084575149e-100 8.86038241384e-05 0.0624937120803 4.5513100577e-48 2.18122102895e-25 1.40696162571e-09 1.86732219828e-09 1.59447645572e-05 0.00924239860611 0.000104026909438 4.0633259038e-20 1.65290563707e-13 2.62773405451e-100 5.59626657006e-30 2.59146670868e-52 0.0141050196048 1.16002883662e-20 1.49663273342e-14 1.87402923893e-28 5.41292938904e-14 0.000109650209555 0.05929954982 8.28426567559e-31 7.65301329977e-18 4.9575781279e-22 0.598005351778 1.62241725423e-63 0.0462564128177 1.02517139212e-19 1.04373668067e-55 7.40849204144e-33 5.15943131424e-35 0.0686694998768 2.34660697052e-12 9.45656855359e-33 3.82715010235e-32 0.0789808517943 0.062563824819 3.75017212052e-08 3.29221471232e-05 3.18186017671e-05 
7.37036407673e-10 1.46285690366e-37 3.16913209478e-22 1.38895843486e-69 2.41481463642e-12 0.0023819087038 3.21270159211e-42 0.029435084407 0.0125391661281 0.0137680236403 2.9317218102e-33 8.65742608427e-71 1.19440113667e-06 3.06143544685e-40 2.307417413e-16 4.35727765155e-05 0.0674741633993 1.81847055416e-47 4.19979964885e-09 5.73884542553e-69 7.29725495928e-55 5.06558135025e-27 4.98827838552e-30 1.39914926521e-09 0.188429466067 1.47111900863e-98 0.0035509460597 0.0153349731393 5.97539336961e-05 4.04322600786e-40 1.1498660018e-15 0.324095147162 0.010902491471 0.0726367106143 2.05274425365e-17 3.56277574733e-10 0.154632849812 0.0156010671227 2.67179001869e-49 1.36985153049e-14 0.0891134744676 9.37482357948e-37 8.98011770629e-97 1.93872495716e-46 1.38625943002e-72 
1.48068420499e-11 2.30421334802e-09 4.04051424372e-10 9.13529261792e-38 1.90971306979e-11 0.449886685571 5.068942415e-23 3.12730252799e-28 3.90945605668e-06 0.0745481251702 3.27984107513e-13 0.000129018521776 5.28357369928e-10 1.41575021691e-05 1.22487484591e-08 7.53600617929e-13 2.90439632631e-09 1.43066795763e-26 3.68481801559e-16 0.000200606238919 3.13846232094e-16 1.09466367427e-07 4.88141160331e-08 0.145532651968 0.0011454257077 3.20757273546e-36 1.99132491302e-16 3.08684274995e-12 4.61015785631e-19 6.04003022981e-44 0.0182756201857 0.289875548095 2.04314384174e-10 0.000108613445577 0.0102541894262 0.00924070508335 0.000722147522821 1.46643024703e-18 1.24386072197e-24 6.3049194852e-13 6.24163043919e-05 1.9463307652e-11 9.866342662e-31 2.86807156013e-09 4.82018778556e-14 
0.00595851624056 0.0385038766216 3.90019575901e-09 4.20079749285e-05 2.06450993942e-45 6.9359163567e-13 0.00580855481269 4.17124501399e-30 0.0589460033822 0.0158341465111 9.00268124769e-09 7.10855015151e-08 0.00169779658302 0.00164552666742 6.57199369649e-18 0.335914129936 0.00012386975599 1.87901933164e-37 0.192230225332 5.70209524031e-06 0.000353425648429 1.84551826834e-17 8.36603855095e-11 0.0231364394704 4.83404614551e-08 0.0505896205742 8.69874358537e-23 3.39693305649e-08 1.42492792748e-06 1.51444634634e-25 6.39903507924e-23 0.00870494847296 1.74724568782e-07 2.01001036686e-36 1.8122861031e-05 1.25611163388e-11 0.0197532240595 1.10887934203e-33 0.0185255000559 6.4591368565e-21 0.0378095425577 0.0614315992851 9.79284785248e-06 0.0753286440673 0.0476270181396 
0.000300962668006 3.58429648708e-61 4.85321108714e-34 1.77736337404e-51 0.145098334521 1.07941600418e-39 2.0164375735e-37 0.0489548218904 5.30827142241e-44 8.20634383116e-36 8.10924479244e-51 1.2902168034e-65 0.136523948983 2.68691878117e-55 1.60109034904e-19 0.000423756495151 0.0612057432038 1.94256836119e-26 0.0100561871945 5.16540129069e-82 2.87088978208e-50 7.66456356503e-26 9.89767873661e-20 1.84812568007e-39 0.00730870626022 9.37072606068e-77 0.000605454398257 0.00349389226581 6.05405059023e-06 8.53734595284e-66 1.45624978183e-59 5.18413994601e-45 0.221873994799 0.00883618596376 1.17384935068e-06 1.15406579216e-14 1.17890379097e-94 0.355303862234 3.823420709e-30 4.81267982347e-15 6.92122295162e-06 1.01625003362e-29 4.73952221799e-64 1.38276929356e-16 3.99665028943e-70 
7.18050486215e-06 5.18073179564e-28 2.79046545517e-17 7.97769107525e-52 0.0784616312789 6.71066066918e-26 4.51273429976e-45 0.0324666586076 1.109320118e-06 6.62999809422e-51 1.04883677655e-48 2.20157111263e-42 0.0632723677667 1.91300724652e-49 1.11112789611e-08 0.0993386545153 9.10029295643e-11 0.00046697724907 0.0145456834567 1.4592162989e-59 1.07004948773e-49 4.47029845461e-26 2.07941431838e-22 6.38800795125e-43 4.10284579694e-05 7.85777428459e-55 1.08983211051e-08 0.0991000985678 2.90091899998e-05 4.59641930694e-50 2.26175148766e-06 1.1690407673e-43 0.135526899612 4.43104910905e-06 0.034808107608 1.59398630995e-16 6.18543714773e-85 0.20502771286 1.7442549504e-32 0.224183633871 8.57678435345e-05 1.01302765496e-54 1.1569003979e-56 0.0126307643889 3.33093102401e-35 
0.0943085964083 0.0727134538606 1.52369426465e-11 1.46847949882e-56 0.00223003582634 8.26258861842e-07 6.26702171817e-28 0.0181601736838 4.01870165107e-09 2.7649789517e-05 1.90260426047e-14 1.32275112875e-36 0.00894436950456 1.03087519355e-31 2.36412025725e-27 5.3707854777e-07 2.85026521696e-09 1.31922600525e-61 1.43102271466e-27 7.06175080697e-29 1.18566015423e-33 1.50758233034e-21 1.50812935051e-17 2.36889972698e-08 0.494065801371 9.65461455941e-85 5.28396372498e-07 6.04548950063e-09 0.00898204888906 3.20766357618e-58 1.08867492579e-35 0.0184102061956 5.94378492481e-06 0.214488510675 6.24821182597e-17 8.88780603702e-29 1.21539627371e-105 0.0195904596265 8.62162575748e-30 4.4994304687e-20 0.0480708220321 3.22922032453e-36 2.46637074702e-65 1.92415931261e-14 2.67220274366e-38 
2.38352725775e-13 1.39107019142e-10 0.027295694416 1.13502306579e-49 1.25749226677e-14 0.0786394742246 3.55868172786e-26 4.30662106812e-26 0.00623297484772 0.0132506656797 5.01908885522e-24 2.41932505267e-05 9.2379997277e-11 1.96735293223e-22 3.44565284526e-13 1.50814396665e-18 5.00672710647e-08 6.00951535062e-29 5.89136193569e-16 7.61825937694e-52 4.81180812061e-09 2.66539900663e-33 1.92972125834e-08 0.255177946676 0.0852904942836 2.54195147352e-59 3.88325220102e-06 3.16302742197e-07 4.71885524781e-11 3.72048161071e-69 0.0238634816053 0.0942072536353 2.66625170376e-18 0.0305112881048 5.48583415258e-06 2.75717369365e-33 4.21761697676e-48 0.000399107435245 3.56366740943e-23 8.69833866722e-22 0.385055263251 1.81785124554e-20 1.03769583241e-82 2.09661418182e-26 4.2402745647e-05 
2.22896302726e-06 0.150160158083 0.0026387535246 4.33028768377e-06 5.8932273725e-33 0.00647527190181 0.0666465954227 1.52206531769e-70 4.83994571711e-09 2.23104792644e-08 0.0341070320324 0.191570254633 0.118799763017 2.15310562089e-11 8.98286854235e-15 0.00103827421006 6.14215353429e-26 5.11991365067e-18 1.013355183e-68 0.0208581917081 2.84036248065e-18 7.33136021366e-07 2.24706210439e-15 0.119893038138 4.65751952248e-16 4.68665766962e-06 6.22240354534e-09 2.34866232765e-17 2.29795549859e-12 7.8902626852e-39 4.19664455655e-29 3.56745189429e-05 0.114782594034 1.67060715187e-11 9.15971112012e-40 4.62583940175e-06 9.10551340218e-10 0.00697044962253 1.08411344192e-15 1.19117700375e-17 1.62896398907e-06 7.67780510439e-12 1.65005781825e-05 0.0920487031388 0.0739404772569 
1.8009861298e-21 2.50446403918e-22 1.92043410472e-25 7.49884469239e-29 0.0408006546494 6.07438697324e-25 3.96861040052e-40 1.59535382623e-06 0.0740801400259 6.35802509151e-15 7.45967788861e-23 1.34296648509e-39 8.51801011624e-14 2.51739950009e-46 0.200684304077 1.31012212586e-05 0.0148930545653 4.24308199337e-11 0.131028876936 6.55169941596e-25 3.8208581156e-18 3.53406983043e-35 4.2127570106e-23 1.32035275504e-23 0.054737189796 4.49741662025e-39 0.133995882473 0.000288173807778 5.60717519662e-09 9.16154456506e-75 2.63526578401e-18 1.74031342581e-19 0.0520938679221 7.76266598435e-07 0.251681359168 1.08073404042e-29 1.35986442553e-51 0.01185918247 5.08775552379e-21 0.0298406529081 0.0040011827106 2.40406478113e-30 7.25050125595e-52 1.08280519702e-20 7.73727070047e-30 
3.07274585148e-06 4.75576522072e-38 4.75561239114e-54 2.78421804725e-72 0.149510863747 9.77570929517e-57 7.78587483175e-53 0.0464030101742 1.82260920555e-28 9.98810629175e-55 8.85818021583e-42 1.3172689566e-40 0.171979826117 4.37306072896e-36 8.7043147815e-36 0.000465066034738 1.60349056727e-05 6.57697168476e-69 2.59916025015e-08 1.47458960349e-53 2.74471602992e-41 5.04880202696e-47 9.11568728402e-18 2.0464663293e-28 2.47041034957e-09 6.50290354837e-71 1.57792071912e-08 1.1805686968e-06 0.0291701525393 1.10067656883e-58 4.8445421636e-46 2.48733051541e-50 0.247225074145 0.042101531566 0.0074929904838 9.75621299826e-16 8.55930094329e-110 0.305631152731 9.81567537324e-54 6.60738532364e-37 8.08873990812e-17 1.32686121777e-55 8.4105097319e-64 4.23446280489e-33 2.45984338229e-32 
3.55534599977e-16 0.288155297084 1.15326981508e-07 0.016966295586 2.72713942886e-16 1.11039399163e-09 0.142966395224 1.49121865163e-51 7.97110309919e-05 3.90494642051e-07 0.0225119481745 0.13155160965 7.35759758511e-14 0.0290579511333 8.83109103055e-13 5.70700124152e-14 9.9853876607e-09 3.72098032961e-21 2.15199692778e-36 0.0946852828729 1.1265051334e-11 0.000159715241707 1.01004831616e-21 0.0532925568092 5.52223503836e-23 2.44107155447e-05 3.69473932366e-17 4.84660560519e-26 2.99251845919e-20 2.47848564761e-39 1.13988615905e-33 7.28832636949e-06 1.69220436617e-15 3.46569689669e-12 2.23484010343e-29 0.182802297877 2.59021346825e-11 7.61204454163e-20 0.000141811433474 0.0019696327796 2.4798334983e-19 5.50623850245e-05 0.000271746582395 0.00121947845442 0.0340809916804 
0.0453230195538 5.09369625061e-07 1.67854536239e-06 1.11290793662e-20 6.87549635361e-134 0.0401540886675 7.19177468688e-13 2.12839250227e-08 6.13254982906e-20 0.00629205457879 2.52590304764e-10 4.90006729076e-11 0.410989985489 2.41639843204e-12 7.40583487094e-27 6.94136876394e-08 4.08862216664e-132 7.81453771298e-36 0.0387288824307 1.10553370076e-34 1.89756611397e-12 1.37042377102e-24 2.77383950919e-12 2.78804149983e-18 0.000585127308681 0.0794472726105 3.35282833655e-28 0.0326326196389 2.14799013918e-09 2.91211745739e-13 7.84536525705e-58 0.0182794533904 1.75329145784e-16 1.03830806781e-54 1.58760434454e-11 2.93482280444e-39 0.0123882273417 0.0101185281305 6.25428141086e-28 2.76104832041e-31 0.090967480851 1.17291137013e-15 8.10894561459e-16 0.0560143083477 0.158076670574 
0.00267614300094 1.45805996137e-91 5.43270323189e-63 2.4312975354e-144 0.246119602212 2.54107903844e-117 6.65233498107e-74 0.443028975111 6.28439201307e-73 5.62531153101e-112 3.97875278506e-120 6.01548832655e-85 0.0224764626538 3.81558985841e-76 2.5986049021e-76 0.0739279215775 4.73625423303e-09 6.58799882607e-138 0.00287510719952 1.85194850741e-115 1.43975589886e-92 6.97251277639e-109 2.45003221718e-44 6.82158989209e-54 0.0544454810137 5.86128707292e-128 6.35085206042e-16 9.19107441143e-07 3.57422468325e-06 1.29610955963e-55 5.51652028513e-55 1.09118830417e-104 6.71160948452e-05 1.23696720209e-20 0.0174941659646 3.31945677876e-34 1.09346338113e-115 0.136882668475 1.16033398023e-123 4.65827553752e-117 1.85862911865e-06 7.52790768384e-107 7.70818579693e-84 9.81897657459e-65 1.79194189476e-119 
3.29486037679e-11 1.32170177937e-13 2.25612226339e-30 0.260660503811 2.22306505837e-25 5.23411966518e-21 0.00487795962817 1.04300905984e-23 1.3127524615e-22 8.63474267893e-10 1.67816086409e-18 0.00563182894199 3.29226052585e-19 2.20612150441e-20 2.08350550212e-18 0.0218998858088 0.0119545420154 2.0530108575e-23 0.00637716254747 0.0314880065547 6.40883968006e-16 3.63057350493e-09 3.4498545771e-22 7.54454539857e-11 9.46088412973e-22 4.83563657419e-06 4.2330515522e-30 5.30132606793e-15 4.3955388399e-16 2.76025519344e-48 5.42324055155e-31 6.04564735338e-10 2.54722303712e-26 4.68461657391e-25 3.25821469163e-13 9.22110774739e-09 3.06701563515e-15 3.00119024946e-45 0.0198274316738 1.25534819879e-17 3.02259218217e-18 0.000275371003241 0.608928221774 0.00124277842015 0.0268314577555 
1.18934219921e-07 7.36637043284e-17 0.0325898666764 9.16679229221e-37 0.0241652913162 0.0595037361794 6.43073913135e-19 7.44009240678e-46 0.0969610066476 0.100581993767 1.28803090833e-15 3.08955323914e-22 0.00190245152461 1.4775032262e-24 2.1825841078e-09 1.4261328877e-06 0.0505156855498 4.22581623637e-19 5.02872759615e-24 0.0979406003223 0.0180451393176 0.0256260153861 5.04736008576e-11 1.10506153434e-07 0.271720436165 1.14727549962e-68 9.58390740394e-06 2.76965751575e-06 0.0357787932463 1.93035196141e-66 5.87873063179e-37 0.00047105835158 1.74342457892e-06 0.00705134463362 3.36704461712e-48 7.1840118716e-13 1.66610028674e-97 0.0279926418832 0.00517121947063 1.79822909058e-15 0.12933874014 1.75569488731e-16 1.254381761e-44 3.88291009208e-09 0.0146282207438 
0.811904787228 4.03371642703e-64 1.00867022561e-37 4.06019735903e-28 6.02437671266e-11 3.82130912767e-43 1.63415351999e-33 0.0215010485752 3.90173766358e-33 6.80528929071e-09 3.82407379173e-31 2.58333889042e-61 1.44816633221e-09 3.30579084425e-49 0.0389503381835 2.49008614711e-11 5.29712210936e-16 0.103318866686 5.85244387721e-08 1.34458141585e-84 1.90127044355e-45 4.36043590622e-83 1.38687764995e-46 1.64472761459e-19 2.32998499949e-05 1.84327258759e-103 5.85514966769e-10 6.35416507564e-07 6.05055104377e-14 1.06267313496e-64 1.65514254524e-36 4.87320081296e-49 0.000158007462957 0.0141610853937 1.17008956361e-25 2.70265049155e-22 3.7055071022e-147 0.00177971108114 0.00344866282168 5.88805282316e-12 0.000647431214117 0.0041060586331 6.59158515204e-60 1.99319309058e-13 7.21774827548e-84 
5.35793211721e-10 2.86340737623e-55 7.56949664218e-47 9.52049779303e-30 3.65538841727e-16 1.03922149545e-63 3.82140180366e-45 3.08109159954e-11 8.48475440403e-32 9.01876277261e-29 5.39325105904e-47 5.70331904333e-65 2.43559772275e-07 1.23619526714e-29 0.14922087227 0.00254725937504 0.0102568658289 0.184988242176 0.00297224323219 7.49851864687e-62 4.04206625868e-30 4.8455298818e-17 0.00193976313275 3.62508758726e-36 1.7960786928e-06 9.53798821763e-93 0.000742618034634 0.478666256111 0.097294651643 6.76898538529e-71 2.18120405644e-19 2.83564877438e-41 0.0202521067622 3.028379968e-16 1.84626116309e-13 5.96840887412e-28 0.00386080980564 0.0472160703164 4.11205258995e-41 2.4473704529e-05 7.89099875801e-07 1.31481129801e-34 2.13438063467e-61 1.49383037255e-05 1.51190044664e-48 
3.01379744071e-05 1.11009623965e-42 9.68383234872e-45 8.55985431119e-42 0.0515280984762 4.77168421649e-61 1.35879723292e-40 0.507749274814 2.1901813816e-10 1.07063453746e-31 6.12712802517e-38 1.94195035629e-64 0.000221543129276 6.2802800809e-65 2.82543469182e-05 0.0275100431302 0.00746302850257 1.30716749026e-08 0.0682548221898 3.56893266605e-48 1.17874967293e-46 2.73269686183e-29 2.3671859129e-19 8.63646691594e-26 0.0865761332522 7.72138616432e-77 0.0298102255313 0.00336871255728 0.0644642295293 5.40987519029e-64 1.98768198865e-30 6.35383223739e-49 0.0721866917968 0.0297247761239 2.64877810982e-05 9.30632110808e-18 7.49824933336e-81 0.0267172524253 4.15292111248e-30 0.0234331398165 0.000907135331577 2.86305423143e-24 7.50228154969e-64 1.03362461192e-12 4.27473440503e-71 
5.81990386753e-10 8.77372931872e-24 0.0713962856565 1.94630998123e-44 0.0292691128426 0.0263871471834 1.2431483277e-35 0.0496547751665 0.0635937811501 2.33380139782e-19 4.3010312172e-36 2.86757429528e-40 1.47204354482e-09 1.06757667511e-41 3.85770014105e-14 9.52348738826e-15 0.000170217831881 0.00174427309967 6.58838959443e-10 3.43461456675e-67 0.0338027539391 5.26799193972e-26 0.00478246414696 1.37392364247e-19 0.131233689862 4.14001577797e-58 1.2992797818e-18 3.08693258021e-08 4.3057508391e-14 7.30869551987e-40 4.12232850009e-18 1.1608171089e-19 3.10505793136e-05 1.82102258663e-05 1.33633902428e-08 1.02982897997e-20 9.46699294714e-102 0.0477693090641 0.00793479949349 1.19827328096e-06 0.532210884327 2.14236211667e-63 1.25138057397e-77 2.13028162634e-10 7.14000609547e-16 
1.30339098388e-05 2.72428046354e-09 1.24885602713e-17 0.000857925783623 6.15768292134e-31 1.0851995835e-06 0.0213722563371 8.1486729687e-80 1.18281057678e-10 2.1652223369e-07 0.00377151607416 1.83956081211e-18 6.55173874052e-13 6.82743364111e-24 0.000200463576758 4.91060857378e-08 1.06694945211e-21 4.10896760746e-11 1.43744589908e-65 4.81347970601e-08 5.16540808857e-17 2.82892008481e-24 7.71781076727e-21 0.000375285925254 4.42555961233e-07 0.127887031648 0.0167335084353 8.02439889639e-15 5.01143005248e-16 2.49547727328e-49 5.99201534994e-45 0.00227667201452 0.0300733197019 0.00201765140885 8.96297498316e-45 1.26838418254e-11 0.0302205250972 2.19285273274e-09 8.37535393981e-20 5.54783039003e-08 0.14796843348 0.000399926648616 0.587336962168 0.0284935856353 6.87169038904e-11 
9.76609172369e-10 0.246496252137 0.00184873375701 7.70651319118e-40 2.10436569889e-17 0.0060682403537 1.77753710922e-19 5.15756434865e-29 4.32129779393e-11 1.26519861928e-07 5.78523200306e-13 0.0730467540699 3.39772921999e-05 0.000839554135329 4.11886680454e-20 0.00637680023134 0.000125416796168 1.51164324023e-66 0.000258168006206 1.02127119469e-43 7.50364703583e-13 2.00565475252e-28 3.64687129584e-14 0.000248725516443 5.03586878061e-07 1.0720868212e-41 2.41920491939e-20 0.00373818774442 4.22727768451e-08 1.40355284994e-45 3.14360499411e-20 0.0257056154473 0.0109528244206 0.0753121851872 7.3857755818e-12 6.56467908666e-24 0.0184383839079 0.029975625731 6.32668389571e-13 7.24586625593e-42 2.8816930168e-11 0.00511995697553 3.38503141577e-45 1.9486409491e-13 0.495413924853 
3.70021093461e-18 3.98757502297e-08 4.34712474275e-19 1.42405964847e-14 1.71070371956e-56 3.2783848763e-17 9.72162081013e-11 3.7189618981e-60 1.39651225552e-10 0.00982314639424 0.00076697729925 0.0124000524698 4.7202156288e-11 3.4366662575e-08 1.9729369926e-05 1.51357765707e-16 1.53511603746e-26 1.54220012315e-16 7.54192858742e-61 0.0358910486392 2.76138681268e-32 0.00052753931075 0.00714285921775 6.55453461447e-13 2.33011994452e-37 1.94902993958e-05 0.111841904228 3.0819861123e-33 1.55293232095e-09 8.63874688953e-37 9.80472671836e-52 6.05650269366e-16 1.86791238924e-18 1.00423031858e-47 9.77619127226e-58 1.25554425043e-21 0.0376145877111 8.66184630351e-17 0.0538879664863 1.1360039439e-05 1.84735629051e-40 0.12467165407 0.581770925504 0.0236106828808 8.6046641732e-28 
6.71618727376e-12 3.54976844341e-10 3.15405748666e-23 0.697340590457 1.06904453988e-40 0.0345307486998 0.00245091565434 3.81780181468e-36 8.76933079848e-10 8.28795413298e-05 2.79067357324e-06 3.23646484662e-16 7.44434237724e-13 1.63882789482e-17 0.00982416933654 3.2540179035e-05 5.97553983823e-30 2.03270625208e-16 3.71795939553e-22 3.64331364402e-10 4.44599207649e-15 3.0513451614e-10 4.12242635691e-16 0.0072772698093 4.45565717728e-11 0.00638681465049 4.19279238358e-17 6.80589253671e-12 4.33087678164e-34 4.2852432672e-54 3.74765814285e-44 0.000247035646577 6.87280628099e-07 3.89892238245e-15 1.13380869941e-17 5.50889397241e-16 0.0516733895792 8.60284304474e-28 2.10748731634e-21 2.12461001057e-15 0.00449342972519 0.13195329742 0.000218579931959 0.0534847754376 8.4017169832e-08 
4.26704560961e-47 0.0134161641903 8.56728710582e-06 0.381530914194 4.22731270427e-14 0.00222433660112 0.169869599765 3.7333213794e-112 5.69544707551e-11 0.0153963696152 0.0430387317272 0.0870624447439 2.21611602048e-38 1.48258315018e-07 7.95053316684e-06 6.86008691692e-33 0.00418487981052 0.000430587326696 1.63219204676e-130 2.74028989604e-09 5.07425629892e-15 5.87443468535e-21 8.61371635706e-28 5.41989888005e-09 2.68132738798e-52 1.81998895592e-05 1.03825366165e-32 7.17134763195e-42 7.90210320198e-25 6.80611682501e-49 1.84501088239e-27 0.0139079310056 1.82146083871e-26 1.53258487233e-22 1.77178108889e-91 0.0045209542084 2.34493501147e-26 7.6435802764e-44 2.10790152671e-09 2.35276555865e-10 6.81403318298e-45 0.0953910333218 0.139940584656 3.48622609139e-06 0.0290471060801 
1.00576115515e-07 0.156242544461 0.00025995588401 5.78431478845e-32 1.02192864996e-77 0.0393984584873 9.00774402123e-14 1.94907515113e-56 5.25002950099e-09 1.20994316135e-15 0.00121413750333 0.619104271091 4.39667932654e-11 0.0169136716007 1.47809899449e-16 1.18308674282e-19 3.34702145414e-70 7.07583697056e-46 8.97382672824e-87 1.52155664034e-10 3.65036557767e-29 0.00155514357973 0.0368229838097 0.00583351839139 0.025760284277 0.037618291268 2.1435845192e-38 2.48543737849e-15 1.43991936397e-24 1.29642571646e-47 0.00240424858594 5.58381711087e-19 1.68627001767e-17 3.12320791954e-48 4.15985892285e-53 5.77313803032e-38 1.87895415265e-52 1.68671471011e-22 2.97081614446e-12 4.53866848771e-34 0.000869138322495 0.0139812921008 4.49174916431e-07 0.0420215006629 4.77486201843e-09 
0.0029117034181 7.00194773771e-48 4.63330246838e-50 3.89192078009e-53 0.0506589478458 4.31824545166e-64 8.71351511428e-33 0.0237679211973 1.29011502058e-25 2.04856568232e-07 1.44674637042e-48 1.49972523696e-53 0.0432195006624 1.42934755925e-56 0.00839124992126 0.000130182854096 0.00856226638669 0.0293344286719 5.51812434916e-32 1.78474066419e-23 5.09278684931e-38 0.0106012975789 1.28459132625e-09 0.077037290012 0.0308397836648 0.00388896468948 1.52281905958e-10 0.00431339417645 3.70666564136e-19 4.1294047088e-62 1.52395023153e-55 0.418237151829 0.141826621787 1.78986774226e-05 6.27836117578e-17 0.0300916377416 3.83821468388e-113 0.113035268878 4.67252694541e-47 4.81116910661e-05 2.04459700886e-05 7.11554401352e-59 1.38912131006e-33 0.00306572605386 9.9848686896e-63 
6.14257617659e-10 1.71885179977e-40 0.0131079530199 1.78646263729e-47 1.02926746756e-11 0.000152783952055 4.33424107851e-41 1.63820764314e-15 7.64426302877e-05 9.86835592919e-26 3.23187459592e-51 5.01894879473e-66 2.16795466363e-10 1.26091731683e-52 2.09758427028e-14 3.20927174824e-12 0.400632969094 0.0125602918963 3.95573252902e-06 4.06801703212e-113 3.74118128311e-25 4.91393557668e-44 4.69254618924e-22 2.78848687588e-14 0.00696487517121 1.3026594949e-80 0.0325003213818 0.0677644958076 2.6641998689e-07 8.91567079458e-67 2.27243705392e-49 2.72588333986e-14 0.110845076609 0.000498307670079 0.0120013580154 1.01376543562e-29 6.33847231198e-90 0.0020858706804 3.69352285422e-22 1.48257485988e-07 0.340804882817 2.30826286137e-140 1.51561042389e-78 2.81337539919e-20 5.0425500522e-62 
1.22788854203e-06 7.27328780364e-10 2.4869528531e-05 0.0827775491009 2.26377867934e-23 0.0354801412088 0.0976259809866 1.45841755844e-76 2.7663810356e-09 1.49607947093e-09 0.000180959323922 0.00339130797855 3.58245611707e-08 1.42943949119e-10 1.23030558641e-07 4.04629592335e-08 2.01100323033e-16 2.28847112484e-08 5.36128889296e-76 9.4506211211e-14 2.58098876803e-08 2.65979668939e-28 1.00590058161e-13 0.000488373068264 9.25740685156e-12 9.35884867818e-05 9.67366309485e-09 3.83056842638e-17 1.78084854297e-09 2.27816202195e-35 1.24602929536e-28 3.3407531479e-07 0.102127850837 0.0202793034924 1.95064395271e-46 0.461521240003 0.0591286464354 1.50909481061e-05 2.233488949e-08 2.32951420474e-06 1.04812133767e-05 0.00197782832003 2.49963986254e-07 0.134855294643 1.70660389229e-05 
5.60555130443e-09 0.00509212144196 6.03213659378e-08 2.40982253251e-19 1.17294027144e-84 0.226621820716 2.07968046591e-11 3.80290894884e-09 2.63832806831e-11 0.00441843437465 8.28261874991e-07 6.92473031224e-15 1.14024083044e-06 0.0344520567446 1.40798057881e-28 0.0235765040768 4.60911815524e-88 1.34643338358e-46 1.51497239035e-09 1.17645692399e-26 2.27259143977e-12 7.52694317274e-18 4.52455282589e-14 1.58548798029e-18 1.7426695117e-07 0.499091159561 5.04785957311e-19 9.38053156456e-07 7.37299052366e-15 6.46688160679e-14 3.72884498598e-50 0.0910621260983 1.82571482828e-08 3.18273954782e-56 1.65192963377e-16 1.44477037002e-37 0.00760767147466 0.0280907200077 5.53743518767e-24 1.74812451926e-41 5.13732474632e-05 6.87648097114e-12 1.05777176741e-13 0.0017523755351 0.0781804663402 
1.2784027007e-05 1.10693121862e-21 1.39652361369e-05 4.39133480655e-08 1.59853784099e-45 0.0284790735498 0.00554439305755 1.00785995478e-25 1.27241138318e-16 7.58944625771e-16 2.48702534826e-15 3.57355987395e-05 1.17602465787e-29 1.8904210635e-15 6.2769104231e-16 0.000220526252053 1.11741184914e-37 2.51848979458e-32 6.03069006165e-10 0.682745831473 2.19227867975e-16 0.133735753671 3.74265842669e-14 6.00041514259e-11 3.02490172604e-22 0.00097774908671 1.79398318301e-36 1.46027449793e-19 1.86288264242e-47 1.04564932733e-45 1.46151863315e-46 6.67125291747e-13 7.60817915132e-25 2.50781068574e-32 0.0471667344681 1.07852272643e-14 0.0427824739201 6.06137938584e-52 2.48764997157e-10 2.71224331541e-29 2.67859694409e-20 2.83407092581e-09 0.043866236112 0.014418693325 2.56262284701e-09 
1.08003741354e-12 0.324854413446 0.0423967298341 5.55776562261e-25 1.12886307494e-37 0.00609178862257 1.31975597461e-15 2.41835794511e-35 7.04786145791e-10 8.01499721118e-07 0.0427507328243 0.102553454117 6.07898106486e-15 5.3118718429e-11 1.04546148604e-10 8.85889122771e-23 8.17641763588e-34 1.25869034545e-34 5.69564276821e-36 0.0338343517462 0.00301550436196 9.24951917419e-15 1.64758351925e-12 0.334573432927 1.2193646168e-07 1.11091638632e-09 1.63167140655e-37 9.63273716326e-15 1.92235077625e-30 4.02947207279e-46 1.61738077304e-41 0.00646642382604 1.00236786345e-21 2.00598174338e-27 2.46758324963e-17 6.93238361465e-26 1.00566674397e-84 2.04858585928e-25 9.74107668427e-20 2.07891828508e-31 0.0222390538166 0.0545774527298 1.07577467115e-07 8.12512379874e-05 0.0265643775216 
0.000156546190731 3.39634391677e-58 5.2249213693e-59 4.53699534968e-44 1.68349886904e-26 4.13059653318e-65 4.28455844922e-50 4.21540470514e-25 2.87011615237e-35 0.000144956614337 2.20870865439e-60 6.00611688408e-17 1.29960870412e-18 1.92640735765e-15 8.58037595132e-10 2.22352185016e-06 6.22587335305e-06 1.41122977736e-06 1.24125542873e-05 1.18546660912e-74 7.31398352492e-60 1.79575863011e-92 5.63414695042e-27 1.62352745829e-13 3.42401339633e-06 6.82282678303e-109 3.30352980542e-20 3.74870138954e-06 0.00617387425386 6.1282976006e-61 0.783088495219 0.159202156858 0.0138283242311 1.06407242917e-22 0.0171088865797 2.83186210075e-40 5.64867649336e-44 2.5838470359e-06 6.18633297969e-71 0.00801560586338 0.0122491235901 3.39360618908e-76 9.18461348389e-77 2.40960057764e-49 3.88409429792e-58 
1.71290467222e-12 0.000498391397198 1.48818566062e-12 3.57988575317e-08 2.8026599626e-72 0.01026920251 3.04917410631e-05 2.79595656176e-81 6.0481582512e-11 1.01591790733e-14 0.103840501193 0.0315351580291 3.58583659949e-15 1.72353048877e-13 2.1362630146e-15 5.12733507808e-18 5.24787224241e-49 4.17703084498e-21 2.70971047976e-96 0.0504796692037 2.41426061591e-18 6.63032901277e-08 7.23402631977e-22 4.30345644167e-10 1.29687666354e-23 0.15120677783 1.84454713033e-14 2.02245140997e-09 0.353833003236 2.37214887212e-36 2.7796153409e-60 0.123140353387 1.75324036581e-18 2.37362986946e-50 8.85425924799e-56 2.57319476988e-21 0.0559923283878 1.4269302276e-15 2.74874280607e-20 2.93747557321e-18 0.0060365195753 0.00476343170123 0.0420462709174 0.0267709041959 0.0395568920761 
7.74646794175e-14 1.29697862781e-17 1.59215811868e-06 2.30038636745e-25 1.75738258364e-26 0.0652060643085 4.35868966505e-37 0.0714446595817 0.0375915031736 9.29659079577e-24 3.08481703693e-09 6.46480590919e-35 0.120913737226 2.95421665682e-06 0.587682927258 3.2034916641e-14 0.0704541681401 0.00103340524992 7.51609128952e-20 3.0949636403e-06 1.64173172123e-11 3.17868281255e-22 0.000636076492062 4.63493325194e-23 5.21690940862e-08 5.7581995914e-83 2.80906820682e-23 8.99708399353e-06 3.06980499813e-12 7.52839578766e-75 3.62207619155e-24 1.51454339499e-25 0.000121262235855 0.00492418386838 1.29654202691e-24 3.04380468675e-22 4.0921213125e-43 4.55774001897e-07 3.25834957764e-25 4.03604054129e-08 1.02804524165e-13 6.69584807718e-14 1.05923672088e-59 0.0399748226345 6.9072396855e-25 
1.32023106766e-07 1.30063992311e-53 3.83495749651e-40 1.97183452831e-73 0.16886647727 2.2505829445e-46 6.82654213142e-55 0.0696616101875 4.91510176638e-50 3.13505733217e-59 4.14938854955e-63 8.55948800215e-54 0.213897603506 1.84035826426e-48 2.24379453772e-49 0.115391083656 6.752400191e-14 4.00596750451e-71 3.47137571611e-15 3.13634242255e-59 2.04991762909e-59 5.0064054306e-53 8.09401170338e-53 3.24925575915e-60 0.0125494671598 2.71166992532e-63 5.57377085432e-13 0.00565394030006 0.0733402540094 7.8976527528e-55 6.65122225968e-47 1.39724021276e-54 0.0728901620088 1.74059597943e-08 2.46410019854e-23 9.9872227273e-32 8.88138444234e-79 0.267741751651 2.4369930314e-65 5.24192497347e-55 7.50082166328e-06 7.04127896103e-54 2.89898261421e-65 1.21474579372e-49 2.97106072558e-58 
1.32212365452e-16 7.19786362188e-24 2.31589817186e-16 6.00577787948e-06 8.29706155585e-32 2.67153655942e-11 0.000321603692325 3.68644843956e-89 4.33039374697e-16 3.0366573863e-15 1.00247893136e-10 2.27449008435e-19 2.29253232941e-29 1.24446608101e-35 2.98610293493e-05 1.10449671363e-16 7.04791683985e-32 3.44222881645e-09 7.96554598162e-85 2.24439077507e-18 0.00147558692914 6.25703751744e-18 1.28901540897e-27 4.88922558656e-13 2.20088244298e-18 0.0020440514752 4.80746239478e-11 1.35474707903e-13 1.21701520337e-43 2.85570476543e-65 3.12661300798e-46 6.34193034872e-10 4.21727123547e-08 0.000182006112912 4.06863541864e-53 4.4108193052e-14 1.1256325815e-30 2.80843199416e-38 9.16074479445e-26 0.00175421277478 0.00113377886162 0.176852051868 0.653078125487 0.163122669567 4.58901483293e-18 
6.6849774524e-07 0.0147395863924 0.0199508645656 1.69643461524e-37 0.336498570185 0.000272969783729 8.01152260039e-22 9.17614694519e-11 0.00841643295419 0.00448044891064 0.453767760101 3.97451129888e-06 0.000136990277724 3.57459899137e-11 4.3488103633e-17 1.99264541363e-06 0.00013944343667 5.55690016924e-72 4.05152060162e-14 0.00859126929493 9.01815292166e-21 8.11687038671e-18 0.0565632006997 1.24193536677e-06 0.0646439010309 4.33475645144e-56 0.00256464276805 0.000464332198557 2.67587619715e-12 1.99802199042e-48 5.02775147917e-11 2.91889316872e-07 6.16526304768e-06 0.00269090641411 0.0119799784014 2.68654262998e-27 2.46135656376e-88 3.16522159234e-10 8.57640142636e-18 5.52151725647e-55 0.00336945419006 0.0041128278676 3.50969617539e-42 4.05433340148e-13 0.00660208528832 
6.0084923258e-15 0.318344295859 0.00178093881292 5.45639440563e-28 3.17131948385e-20 0.159268569015 4.18124204796e-19 1.55661520889e-28 0.0913709549146 0.13807459242 1.27418316869e-11 2.62820453517e-07 2.3897876958e-14 0.0273957724435 1.7881644733e-06 2.58770525083e-13 0.000342122293957 2.85026922449e-34 2.77947926556e-05 2.74398378327e-15 0.0186732147465 0.00998266512749 0.0374809572284 0.0574824105458 0.00599133014353 6.99527927096e-32 4.55741290668e-14 0.00528112442739 0.000937780426459 2.23537494108e-51 1.8763865193e-13 0.0365360923186 4.77037859872e-07 0.0228584506362 0.014210886998 1.90088407326e-24 1.99315766821e-05 0.0510920274539 0.00267875516164 2.50965439701e-19 0.000146375652285 8.04610619775e-06 2.70744164219e-39 6.40392515437e-10 1.23822219315e-05 
2.04700687167e-11 3.72191621048e-17 1.32760497582e-16 1.40620913911e-43 3.43802135157e-12 1.4163092898e-15 8.769892327e-28 1.05141273014e-15 8.00759742064e-11 9.71262073236e-20 1.30783768628e-24 1.70191493004e-14 4.86651388375e-12 2.48477170236e-16 1.14164098653e-12 2.20995440397e-11 0.0808583264355 6.15444074169e-31 2.35203553356e-11 6.93144973902e-13 9.13388696691e-09 1.19840042491e-17 4.25356591986e-12 5.30526380301e-19 0.646398389239 1.35111406426e-48 1.98906457912e-09 0.00195438683193 1.39010389036e-06 3.00241641511e-59 1.8403550904e-25 9.50844315549e-19 1.08320863411e-10 0.120978155575 3.40761518647e-09 3.17777606023e-08 6.15306046044e-26 0.0034450901975 2.95817567903e-27 2.31637823238e-16 0.146364214067 6.83717962502e-19 5.58170460066e-45 9.72453681275e-10 1.33443143756e-13 
5.67787506487e-11 1.25888675177e-06 9.72839145786e-06 1.27528738065e-26 5.51586049581e-20 0.0371416998674 8.17901082217e-19 1.65858089762e-16 6.88959350702e-17 9.44064979182e-06 7.63286755905e-22 1.0044047485e-33 5.54067878226e-15 0.00502402647482 7.84244876531e-10 3.63460648789e-17 0.0135831081913 0.0629562670941 0.0142251048224 2.59252718658e-77 3.59065960357e-31 3.56060014529e-34 1.14405565561e-13 0.00950821017089 0.0116304911147 2.96515665269e-72 5.69221534244e-07 1.27319705738e-08 7.06866677249e-11 2.90526504688e-68 0.0188781145241 0.0251480657009 2.38961460756e-21 0.0392534448988 2.19633176681e-17 2.01406469976e-30 3.35564594526e-72 0.0416693871855 1.13753795437e-31 1.01596957348e-06 0.720960053124 3.50880147072e-89 1.98780949009e-85 3.61244879557e-29 6.85777928229e-11 
# The emissions
3.12690775278e-14 4.14915552355e-06 4.13484301344e-62 1.43034988865e-47 0.986583053771 4.80423880279e-57 4.78769595412e-54 8.82067817744e-64 9.5234301605e-28 1.01443752528e-75 7.86397623614e-61 0.00303627058415 1.64251419226e-59 6.71830106535e-52 1.82471984915e-16 1.99144290464e-77 2.96170012399e-221 2.31477637106e-48 1.10228662273e-35 3.53914045525e-14 0.0103765264894 7.92546071654e-48 4.03848232088e-57 7.38043903986e-143 3.46308265518e-36 6.70574323581e-37 
3.8832370916e-53 0.000504894636271 6.89839574795e-09 0.820351345247 2.78907433365e-10 1.62550731064e-18 0.0573389722348 1.09517849948e-47 4.22530532526e-14 1.27743087979e-16 0.00109705945435 1.21757455084e-10 1.79112961696e-06 0.0618709125452 8.49154700682e-21 8.08135903911e-09 0.0 1.62400382873e-14 0.000813326558597 0.00647759213119 3.75780925903e-22 4.25199618309e-13 0.0475605014411 1.092135295e-57 5.9606954281e-39 0.00398358924103 
0.00181018979456 0.00663715053084 3.98894899559e-20 4.31207789534e-33 3.59524323677e-05 6.77147712985e-23 1.61684124737e-33 7.6875775632e-34 0.00701068423693 1.97071388708e-43 8.05641979792e-24 1.30821770489e-28 2.94432310208e-27 1.44838726267e-09 1.78086242438e-25 6.10859033199e-17 1.16554024587e-243 1.39886329086e-32 0.984506021557 3.60790813627e-29 7.98706220172e-19 1.34081255637e-36 7.74228182543e-40 1.43859464533e-55 1.8120233294e-24 9.6074390571e-44 
3.36482284839e-30 1.20957058385e-23 1.03149591944e-21 8.4273818019e-07 3.26435746928e-24 1.77491710603e-12 0.00673960967427 1.77392919058e-71 3.4747416847e-12 2.67288243651e-121 0.0065160877836 0.0133755845873 0.0230129175773 3.8867017717e-07 1.58922761599e-36 5.01718496272e-20 0.0 0.940374159008 2.44581206953e-06 1.95630661579e-09 4.57471980972e-10 1.36757053021e-59 7.55353244905e-29 0.0099779617296 3.73923518658e-31 6.31151278433e-70 
8.72741205324e-18 2.79009240201e-40 1.49204835225e-96 2.9187934519e-33 2.06365130675e-12 1.30154635307e-30 1.97001597017e-55 2.16651537567e-67 0.987778044208 3.23608870854e-71 2.91821779684e-47 7.64449633816e-57 8.84560506858e-37 7.18811371605e-61 3.87636598678e-13 5.22704089838e-54 0.0 1.74707546275e-60 6.36417443076e-28 2.66241723879e-35 0.0122219557895 3.13583353094e-17 7.85729319274e-52 5.47890132962e-164 1.00064849547e-32 6.7466863656e-20 
5.63021076032e-10 2.74860592606e-23 0.00167366389302 9.8955103129e-11 1.98006162528e-13 1.67478402649e-18 5.46858223671e-08 2.31698848667e-37 2.43538813885e-10 2.61491794571e-29 5.36922863787e-06 1.33413044942e-18 4.97477738672e-08 2.15421772755e-11 6.3246551421e-31 1.05479803376e-17 5.65822258011e-230 3.70551950064e-23 0.997152010775 0.00116885032664 4.16189178816e-10 4.08896275647e-20 1.31984241062e-30 1.1665011163e-32 4.06278532315e-39 1.04450424458e-21 
2.09482098728e-16 1.64122980602e-17 5.7765465252e-19 2.75959733916e-14 3.83512745515e-06 3.54417719887e-05 3.73429290384e-07 2.63690558066e-102 0.00937901153454 5.93602969389e-100 0.0111875684228 0.0714114907889 0.0102592284218 0.108457655616 4.93002931091e-42 5.43585306813e-14 0.0 0.0475304759768 0.519809049371 0.220953295131 2.63025655562e-10 9.04555316301e-74 0.000972574146345 6.00760204414e-20 2.39190397957e-17 4.3207982917e-87 
1.11838431198e-11 2.47199195333e-35 1.0873240735e-70 2.69780688736e-42 0.0028493826801 2.12319196912e-89 1.15701679329e-81 9.53245910471e-30 1.01710807434e-11 7.4000090374e-52 1.5093973702e-73 2.26420419211e-38 2.24253746385e-44 6.4734910584e-46 0.993896340049 2.55886733264e-51 2.89436692568e-234 1.26702910491e-24 9.28160099086e-46 3.73860095525e-37 6.08369725493e-13 6.5320029909e-10 2.65109586032e-35 3.02821789163e-122 6.33540821273e-89 0.00325427659604 
5.18348298203e-23 0.108707767486 3.58360756909e-05 0.185232323243 4.53234135847e-10 0.000444486065008 0.0249180900613 0.065592467258 2.36294818123e-24 0.0321867362559 0.000869046944307 0.0855541169777 0.148552683005 0.0995219549408 3.00603971458e-48 1.20796365791e-08 2.52123856216e-200 3.85439594343e-07 1.43705444703e-07 8.3891891331e-06 1.08902655424e-21 0.00211260044037 0.183339061389 4.62277667004e-165 6.97538295823e-29 0.0629238989906 
2.63714290029e-41 1.01530246242e-10 3.35497320782e-06 1.66632879033e-07 1.24122840706e-17 8.7065706027e-08 9.28148567425e-11 2.61499700153e-10 2.31438140518e-17 0.0162074173161 1.01985663287e-13 0.15279726936 0.00324786749993 0.000166979013722 1.0213588197e-33 0.0209673756626 5.72054729962e-100 1.36895002859e-22 1.86409520703e-12 0.806609481929 1.82788122821e-32 4.30581134763e-13 2.37436837328e-15 2.57441367026e-93 1.32527737025e-31 8.84390682905e-11 
2.09437991295e-43 0.00244361610152 2.73161919463e-42 0.267312828625 3.73618475185e-21 0.03904230388 0.177356610809 8.74572470676e-53 1.50434584557e-10 1.94499967302e-13 0.0185350170987 0.451923471202 0.00497455285757 2.52917494358e-15 3.79397886186e-35 1.04110205901e-14 0.0 3.88450037056e-14 0.0383827561202 4.1089396193e-06 4.25501384737e-17 2.4734215585e-05 1.571395217e-46 1.7578283636e-40 1.69899469909e-16 6.88411026807e-30 
1.33026166511e-17 9.29635824006e-25 9.24688034528e-15 0.000126660698305 2.98618543763e-16 0.11636557719 0.0694022830679 1.65489163783e-49 5.75513443396e-05 1.22178742375e-46 0.767647632411 0.00312433918265 0.00256030507574 0.0167344183529 5.98106965011e-56 0.00892293033395 0.0 7.07266163717e-09 0.000209266675875 1.95926682474e-05 2.60991245089e-07 1.66662000601e-09 1.13471681096e-08 1.68389604548e-25 4.67691913777e-39 0.0148291619216 
2.84173673895e-09 1.7118193693e-46 3.10424030807e-45 0.00719225127224 0.98391885177 1.76303974191e-34 8.25521461252e-20 3.36030866562e-54 2.38633368635e-18 1.38946320555e-31 1.66120520522e-33 3.47014982278e-28 1.26084049234e-41 1.29622303621e-20 0.00888842919726 5.95785134146e-42 1.03189246846e-200 1.19634006591e-26 5.700396477e-26 4.19457432169e-18 1.59116372933e-10 4.64759319368e-07 8.14204080029e-49 1.41059617492e-122 3.75952350924e-54 1.83300619849e-29 
1.41669775339e-19 8.3714652648e-10 0.19057334166 1.56542682887e-05 0.0028812875792 0.117969563191 2.2182520967e-10 1.90047983958e-12 8.75889778872e-18 1.46041842752e-20 0.681798794555 0.000104647243784 6.21281032513e-10 0.00145946497528 2.01643103869e-36 1.33071809118e-06 4.8261665612e-305 4.17920440124e-16 0.00515954674647 3.35625869055e-05 2.03959959718e-27 2.5193966191e-06 1.49645698534e-15 2.83400110671e-82 1.99482989799e-14 2.85396957127e-07 
9.08916922722e-23 5.84544897589e-08 2.65294655183e-20 1.96059967389e-08 1.21463392763e-11 5.41777968693e-14 8.20640536143e-18 0.0329077657338 2.74859506408e-17 7.76129208475e-21 9.33061095293e-15 0.467563356728 0.000141601719571 1.81638038419e-13 9.13256638895e-30 3.64757804685e-14 8.17836545599e-129 0.478876748242 3.64827896638e-16 5.31779663261e-13 1.12420860846e-28 5.02484569385e-05 0.0111886120393 1.49982147708e-107 2.76996560917e-29 0.0092715890068 
0.0164647566842 3.28095849244e-19 6.71023052655e-49 3.05169608085e-38 0.540130954596 3.3956215303e-25 7.43912097657e-39 5.54188870355e-32 3.07537515461e-22 1.13031887014e-90 1.09614329816e-42 1.16858815301e-16 1.42205014049e-45 1.28823353614e-29 0.178870093967 1.19575494528e-48 3.32202483982e-306 3.22728153621e-13 2.37005196635e-18 9.06349050655e-29 0.264534194752 1.63790515441e-28 2.69902601257e-18 4.49154990769e-152 2.47755800006e-23 3.69644341334e-25 
3.06137978352e-20 1.756944791e-27 2.12796750683e-52 2.7175070914e-20 2.26353263126e-06 6.13714326053e-45 3.97091988914e-41 5.92593782395e-32 0.999997541697 1.37752927516e-19 7.48255397432e-43 4.60286079423e-36 6.90843916723e-41 5.61855522839e-28 3.83125394502e-16 2.20351486965e-42 4.84780593147e-238 1.01764086384e-12 1.94715481707e-07 3.535891797e-17 5.34335092837e-11 5.99344257969e-19 1.60409060687e-22 5.09126813696e-100 1.48069520353e-52 1.00947875702e-29 
4.86121025443e-33 6.65851380685e-37 1.47446978073e-24 4.94504724575e-40 1.00924941871e-23 3.62434903822e-43 1.33360207747e-60 6.87047743124e-12 2.67542875796e-13 7.45543840878e-57 1.89025650039e-10 0.019603806749 5.94746485227e-57 7.22905970012e-07 4.01750478557e-31 1.79049464038e-46 2.3917429905e-236 0.98038880096 1.36396702557e-34 7.95770025888e-28 2.44148236291e-33 6.66918844927e-06 1.10566370451e-29 1.74191142465e-114 4.18086428512e-84 4.03412642633e-26 
8.14675674236e-09 6.79610135349e-27 7.19918852079e-32 2.08968111738e-36 0.000432739370986 6.06696432491e-24 3.83753978165e-42 0.00544205078969 1.86359977328e-05 3.06193130261e-68 3.11902659835e-46 4.3291172734e-30 1.17478052859e-38 1.04551739781e-35 0.99408345786 1.82552788415e-47 3.34096055086e-262 2.72080240273e-27 2.19564167425e-38 3.96479628573e-34 2.31078350118e-05 8.78287794726e-21 1.50255148946e-43 4.47883171538e-182 7.75922777642e-41 1.91642029748e-57 
4.19651363892e-35 2.38534590535e-10 2.22360095286e-16 3.79671691849e-11 2.91029228474e-10 0.111586300952 3.07408152308e-05 1.74809996378e-52 1.83006592296e-14 5.24819031543e-25 8.38829404799e-14 5.89148858185e-07 0.48360503346 6.66324446831e-12 6.86147394945e-23 0.404752566004 0.0 1.31626879128e-11 5.98364129316e-15 7.13280070805e-08 2.42955363199e-15 3.21991125263e-12 6.94935390766e-20 2.08498927506e-32 2.46976989192e-05 1.81309539187e-12 
1.90739234964e-56 0.407124817109 2.82643392704e-18 0.027057358733 1.86119142395e-15 0.00567793136449 0.478430184148 1.20355185078e-06 0.000357592356387 5.13459175678e-18 6.71220152835e-24 4.25696093507e-09 4.22584919978e-18 1.01092615713e-05 1.53233134632e-51 1.15900127781e-14 0.0 0.0460264484898 5.1956774788e-09 0.0351064625785 3.21740279857e-41 2.61120919164e-06 0.000108609736388 6.13043499448e-210 4.69873071032e-25 9.66620091965e-05 
2.93953122655e-28 4.05781197431e-07 1.72028348641e-14 0.0449577769919 3.40472530848e-08 0.015118308237 2.0491345218e-07 1.4408173543e-14 3.10935028246e-14 8.88923420344e-15 3.00125309149e-07 2.13902877991e-09 5.29554949498e-12 0.0400835807935 9.46702685115e-31 0.428322214553 0.0 3.09092166491e-13 6.75389340118e-11 1.14398664794e-05 5.36460298272e-30 0.471505706365 4.59986376923e-10 8.03113082073e-84 1.14903561491e-12 2.56518353613e-08 
1.59340015958e-36 0.0277024173401 0.0119480428141 0.0432559561215 8.86884614597e-09 0.028176068894 0.0135965845192 0.152037321289 1.04928494624e-27 0.0354924250741 0.0172823647908 0.00275097119961 0.141739622003 0.0440819320635 1.26917010512e-19 2.28150571713e-09 6.44623828603e-290 0.00656366753929 0.0137659092134 0.0571899675172 1.04889709846e-29 0.23522451213 0.0237374967485 1.07084463376e-129 0.00581382710514 0.139640902488 
1.3217748433e-37 0.0166592609736 1.48490685547e-17 6.42375705546e-05 1.15003666801e-11 2.87551904462e-14 6.87035182887e-08 2.45838774581e-29 5.92749192235e-17 1.84489915978e-20 0.142757556418 4.51824262498e-13 3.96652956782e-10 0.0015334000023 3.72066288511e-42 3.11945350126e-06 0.0 1.0368068605e-10 7.17996772486e-06 0.780331036395 3.72569816832e-22 7.3645806099e-15 1.36662941922e-10 4.20864604067e-77 1.57018725478e-30 0.0586441398663 
0.0119214679334 6.99247431891e-30 1.34359300688e-55 1.18522041473e-30 0.98803876831 5.83510376157e-46 1.24682025969e-50 8.05554558883e-47 3.33005206785e-08 1.57906075388e-51 1.85429214746e-43 1.85811481268e-56 8.81994587642e-41 1.1228790063e-49 3.97044459918e-05 1.78971815945e-27 1.19589596471e-178 2.2752506573e-50 9.89816029591e-23 1.66845366634e-18 2.60097074961e-08 1.06339666773e-30 1.10909242868e-52 5.46837727232e-192 1.07736223064e-63 1.78753458527e-53 
4.15367266125e-09 6.70666264077e-40 3.4608387065e-23 9.18961215167e-08 1.51317864626e-15 1.00193415625e-19 0.0361916990263 3.32273149114e-69 2.09339008113e-29 3.59005944326e-48 1.81299042926e-16 2.77646451397e-08 2.33194299727e-19 0.963762092231 1.12532760454e-18 7.33260258403e-29 0.0 4.60849283778e-05 3.14751977623e-18 2.81358880487e-13 1.42905512906e-18 3.12551903039e-43 2.5429787918e-53 6.26295563577e-49 4.67413628212e-75 6.03361902439e-61 
0.669185421471 1.73496564722e-08 1.52472165318e-27 2.25610612408e-34 7.32613852306e-08 2.31725248667e-15 3.55890622593e-46 1.22446389648e-46 0.287780789824 5.33129381986e-53 3.61064541125e-24 1.42646099963e-45 6.63961636998e-33 8.59783394719e-24 4.86650843129e-06 2.04027084841e-29 2.12609318578e-280 1.36275289358e-43 1.47964742388e-26 3.15410316803e-32 0.0430288315848 4.08137748948e-34 2.5626128661e-37 6.25071552776e-73 2.47528699957e-82 1.41970825116e-56 
2.7862216334e-07 7.44756775687e-34 4.55423044236e-21 2.49012946085e-40 0.815696920516 4.40720066247e-45 4.436933374e-46 6.08219438192e-62 4.54794729975e-11 1.90039120243e-64 3.5708431015e-48 5.32591190626e-65 1.00116590971e-58 3.94364179891e-30 0.182531080366 4.65541332917e-44 2.73577115318e-261 2.06974436762e-68 4.49993581642e-32 1.97804920446e-29 1.24770511487e-08 0.00177170797319 1.70228130437e-74 1.3585454871e-195 1.38030092731e-37 2.86157035575e-61 
0.980986873311 3.86258174486e-36 1.77725049629e-24 2.55170552493e-26 5.69116320577e-07 7.7514131676e-24 1.68347525077e-23 7.78137092535e-100 3.23636950332e-20 3.11950505017e-168 7.0961116106e-18 8.1123252843e-24 1.89162369962e-27 7.1891452645e-19 4.83363527189e-24 2.25610095448e-24 5.68672175119e-223 7.97741764227e-18 4.43534404947e-23 3.1259305973e-32 0.0190125575728 4.49406395574e-19 2.77378499497e-83 3.59603288751e-30 8.1075991735e-41 8.62365831744e-78 
1.08003585155e-26 1.16612677228e-81 0.00420519360443 0.0447990092545 0.0453256557621 4.11742417395e-214 8.66100788509e-13 8.50236055253e-276 9.32482804599e-81 0.851854114198 0.0373303920247 5.00297790588e-12 5.70813624988e-48 0.0106209422451 2.27845591194e-45 4.71939744072e-05 0.0 0.00581749887395 1.37536029807e-23 5.69313806344e-11 2.22146251291e-54 2.7381428836e-38 8.93291134005e-149 3.55278494882e-111 3.95831343446e-76 4.56853543056e-191 
0.00587172323315 1.58317788543e-89 0.00772730563633 1.46991961988e-46 1.09413915122e-50 1.58419363941e-61 3.20249090136e-70 0.880041076212 0.0890643980121 8.3373186836e-90 0.00990261242879 4.25672472493e-32 4.72999628303e-61 2.2321562705e-66 4.29029477688e-33 2.25626946442e-75 0.00739288447777 2.15221747202e-27 5.90631816599e-48 7.53305447773e-16 1.05866622613e-57 4.5499418932e-89 1.21832632932e-86 0.0 1.71628110885e-159 1.29402186112e-73 
3.15891590171e-05 1.29702290532e-36 8.22506203222e-08 5.62207627749e-16 1.97050890104e-08 0.00392895971469 1.34770458897e-19 5.60748607456e-17 2.60790930246e-13 4.9209362642e-13 3.50452373658e-15 3.23137942606e-12 2.39332179776e-19 0.0108612947544 1.63457808656e-28 2.14670431991e-11 4.94824697982e-46 1.03988328934e-11 8.20291022146e-06 0.985169850538 2.32987695719e-34 1.3670235056e-15 1.82440689763e-40 2.95255848955e-46 1.2119617243e-62 9.31742585976e-10 
1.41824029594e-08 7.45377838029e-31 4.69950771764e-46 1.93025318389e-37 0.606067166168 1.40058988329e-30 2.18956429255e-43 4.81059313299e-43 4.03061381074e-11 1.81919626928e-64 6.90444606994e-42 3.20553440752e-29 1.22958354627e-35 1.47460477726e-22 3.85046482449e-11 2.39282427187e-39 5.59329853931e-107 1.17678467156e-29 1.90503597877e-10 3.96348749163e-28 0.393932819379 5.8766377924e-13 1.86148882739e-26 1.29303534285e-62 4.85377674877e-29 2.17481948967e-18 
0.000583400963792 9.39824648428e-44 1.27534464115e-43 9.27475138976e-24 0.0105176601675 2.10785694407e-32 3.16223053285e-31 2.93789374341e-44 0.969087854266 2.17362520867e-58 1.62611002293e-30 3.31457489483e-48 1.47249353923e-31 1.40759846318e-42 1.1811613596e-16 8.27596770337e-36 7.05582127357e-263 9.91289349673e-51 5.49393994939e-23 9.66418142155e-14 0.0126679050796 1.68544983726e-29 1.26714827964e-45 4.95919796054e-85 0.00714317952281 1.31869613499e-46 
0.108746980158 7.01453184365e-30 1.17375790689e-21 7.97235989387e-33 0.0474764581734 3.24999264317e-23 5.6439945541e-51 1.01411085859e-44 1.87737950607e-06 5.88405433903e-74 3.49876325138e-33 2.23308130093e-45 2.67757571642e-26 2.24700521343e-25 0.823226459313 1.74540097141e-36 3.92139384258e-172 2.79112997629e-47 1.76143538627e-20 1.7760432842e-23 1.27719720661e-19 4.97441798331e-65 2.55335069824e-62 1.00597428105e-99 0.0205482249759 4.67328370649e-46 
7.91692892125e-10 0.0336942924363 3.08068828514e-19 7.04439838394e-35 0.0012882879257 7.03439413003e-09 0.0390700900402 2.02680044061e-86 0.474461269937 3.29559746349e-137 2.03774480138e-07 0.187882604988 0.0226890731594 6.19485951813e-09 3.68952981506e-51 1.67810629894e-28 0.0 0.205515798268 4.07862414598e-13 5.83748845982e-10 7.90605157213e-05 1.07482846149e-56 0.0353192729051 5.03366643013e-30 3.14451407224e-08 6.51283102137e-52 
2.71784630482e-20 2.24449293581e-41 0.995471784077 5.44533715182e-29 7.52924117208e-24 8.04962058511e-15 0.00432663039951 7.7831612462e-45 6.26858567013e-28 1.93186583854e-40 1.7292272621e-24 1.38585042863e-11 1.31688560774e-35 1.17528336142e-16 2.55556281928e-38 2.17927781805e-30 9.30272543092e-238 2.74623014006e-18 0.000201585509204 1.86321783326e-16 3.05211171541e-29 6.59108459838e-52 5.07390263564e-49 3.77707439256e-28 5.4575862791e-35 1.1782738729e-31 
0.965927667168 4.02924435237e-43 3.79158220549e-51 1.57031332262e-41 0.0213247613599 3.22189141373e-72 3.5992160801e-57 1.69427587258e-58 1.73562985974e-08 2.80315166849e-68 1.37266897128e-59 3.40882976881e-43 2.99185264565e-61 1.02042598215e-68 6.26755823303e-08 7.8486306031e-48 5.09585137095e-314 9.10577707231e-42 1.25563623987e-38 1.72876365894e-37 0.0127468012133 6.90179753102e-07 4.57365645853e-11 8.0282160114e-155 1.6677389194e-47 1.55050978853e-12 
8.55354412461e-28 0.566026684711 0.0241873619418 0.288380615413 6.72896213566e-17 0.0506406266268 1.06994463343e-07 3.17820946777e-39 6.20772699857e-15 8.9105959683e-78 2.16462936216e-09 2.47742619887e-09 2.33392584364e-23 1.5759148839e-08 8.00463489158e-45 3.53774257172e-15 0.0 4.44622788219e-05 0.0620539218492 6.3217161819e-10 3.14108086083e-17 8.16630172394e-16 8.52329384384e-20 2.78501822001e-46 0.0086661991512 4.71360773713e-16 
2.34502722675e-15 1.74526328492e-29 3.68468617442e-38 3.97904699319e-10 1.48942090962e-05 2.84926327797e-39 1.70066647667e-33 0.0780139475257 2.34921874106e-17 6.81315649641e-29 1.15831467296e-36 1.14131566968e-24 2.31064245821e-35 0.000593298045312 5.31763820261e-19 1.51772644899e-09 1.77998061545e-93 0.459443508092 8.35777035043e-18 1.60043985085e-25 0.0297484998681 0.0170067619456 0.415179088399 3.11482049274e-67 1.4901796096e-70 7.81255917519e-18 
3.80232925726e-08 3.12766628312e-56 2.52683960417e-81 1.16257255546e-36 0.999999961976 1.31664105994e-71 1.40917033455e-61 5.40655591102e-59 1.19779909023e-16 3.36036049409e-63 2.3308010867e-64 3.35872138271e-57 8.91864620946e-62 9.59090470583e-48 3.94070955315e-15 4.05551119584e-47 1.83479111832e-194 8.84125412287e-47 1.55226253418e-20 6.20645391119e-13 1.27269927396e-24 2.70856034553e-63 4.06412761208e-82 1.91787941938e-121 9.54755745905e-77 1.30226143104e-106 
4.47146468304e-36 2.84919677941e-17 3.1496507798e-41 3.43368845043e-16 4.03764530156e-16 7.04213375716e-11 7.81404152646e-13 3.66658411779e-68 3.14805570885e-32 3.51228768055e-49 1.274214185e-17 0.999997389921 1.60860126322e-09 2.59135099375e-06 1.37865411695e-48 1.52597069301e-24 0.0 1.7044635059e-08 2.75205401552e-12 9.41052171771e-13 2.02930603499e-20 2.80942175435e-32 3.18135053805e-32 1.03069967666e-42 2.77434128874e-40 1.76250210324e-25 
4.77177316658e-36 3.80848968639e-23 5.16029466085e-34 2.70671403358e-11 1.68231047828e-14 0.0123462274609 1.54251321251e-16 7.59640082009e-76 3.0997472371e-19 7.92696747589e-97 1.04188340686e-15 0.010074664712 0.00218970549583 0.768097416821 8.02978253255e-36 1.29292859831e-17 0.0 0.191072901087 3.14546542784e-15 4.80386094751e-13 0.0162190843952 4.71377083832e-81 1.21956255815e-43 5.74807045234e-23 2.44488508757e-85 8.91863947043e-59 
2.50015601289e-58 0.000613335028487 0.00593364052398 1.43067277773e-10 1.64310679277e-26 7.16999317972e-08 0.0185374200899 5.11204287667e-22 2.63173192473e-40 5.52849015216e-23 3.00169361831e-10 0.0693769644026 0.100029801159 0.16147498329 1.23984841073e-57 2.20678407671e-11 0.0 0.40808129736 1.21905379194e-12 0.0242132733189 8.2468819445e-44 0.174463739897 5.9572176204e-05 4.96964356275e-25 6.417866714e-14 0.0372159005875 
5.90944542498e-36 5.66827846519e-21 6.8027553013e-08 0.00279005780389 2.05633140978e-10 1.39941579424e-25 0.925716471256 1.80925202893e-55 3.50061213475e-14 1.31638308338e-13 0.0444454536487 5.37102748456e-14 1.12035579628e-11 0.0269895185311 5.46431514856e-44 8.32553819036e-21 0.0 7.38311246846e-20 6.54018955885e-12 5.84266209595e-05 1.64825241778e-21 3.8877920846e-09 5.38836076142e-17 1.95333224897e-46 3.69413003348e-35 2.14320771977e-20 
