# The number of letters
26
# The number of states
45
# The initial transitions
1.32133588738e-11
0.0239310436991
2.50269232401e-05
3.84600179763e-26
3.51749265427e-06
1.71792082654e-63
5.52201248323e-09
2.32485879394e-20
5.69706498499e-34
1.06686634457e-18
0.00145494173838
3.43483043633e-16
0.142369070187
0.057145043148
1.54642018258e-16
1.26690085359e-28
1.02108853244e-09
2.64037340017e-07
0.0266560785224
0.127223188307
8.5343681736e-11
8.51658210033e-36
0.00576122281156
8.82137434761e-49
0.00970157432423
2.8210681715e-18
2.25504106938e-12
8.92595285198e-25
2.03336608108e-31
0.0608967199903
0.0138034888411
1.59558250328e-06
1.71344331028e-25
0.000107214668551
6.9717126877e-43
0.157243723983
0.0335707164101
0.0258555430003
1.07463624591e-18
0.017760083928
0.160069462485
2.21876409925e-31
0.0467780803257
0.0499306612323
0.0397117317185
# The internal transitions
8.11922928179e-36 0.00185701370206 7.91401379421e-13 0.0102863203979 2.71996785298e-67 4.45846916e-09 1.02267904631e-44 1.9907050375e-12 0.0137493219793 0.000716550498936 2.06597409826e-57 0.255668167986 1.30178681464e-19 2.44616887363e-34 2.17562217002e-48 2.6135668227e-21 1.86720667634e-20 5.77218373976e-15 3.66716497271e-30 3.46823612102e-17 8.74123940245e-46 3.31465216094e-12 0.0463898520385 6.5415959204e-17 1.14205150957e-10 1.01061084191e-21 2.65827716252e-42 0.259255388681 0.0910547505474 0.0258220142435 2.68891216375e-17 0.0121487449763 1.61064891428e-17 3.00191500597e-38 1.37643431666e-55 0.000120492874219 3.0759847384e-38 0.104740036861 1.14483362891e-12 6.12930147801e-62 5.53574887484e-11 0.12048753734 3.76734639361e-59 6.62252482642e-47 0.0577038032389 
0.0560299454878 2.78726912206e-60 1.00954700098e-58 7.37268859454e-18 0.188649826801 1.32467324586e-89 2.55334002263e-05 0.0142552664551 1.21380029653e-29 2.19445088342e-49 0.0659960500512 5.89083797097e-43 6.44798567056e-39 4.59527398262e-19 0.0584903379475 2.77040274851e-13 8.16556115394e-05 0.117974809087 0.10102975141 8.95930102768e-18 6.10233220233e-54 8.01704800649e-42 3.02949693564e-35 2.01662537943e-51 0.0064876719878 0.0640744640191 0.205363532298 2.1419844529e-32 4.20867123297e-32 0.00446057903713 0.0124568549296 6.78598667407e-25 8.34485884159e-52 0.0541441524392 3.27877067953e-77 3.9005444892e-38 7.66515704685e-35 5.70322553553e-08 4.21796751269e-19 0.0504795066799 1.28460059594e-11 3.65789267246e-12 7.29468612475e-17 5.30929375874e-09 7.29223815705e-51 
2.04156601057e-08 2.4802252687e-87 5.15893160112e-46 3.16551871754e-17 2.73681940493e-06 1.84542570276e-106 0.0860074071196 1.43904284752e-45 9.41383812266e-40 6.72990885992e-39 1.96529967716e-06 3.49231704343e-34 2.08331633112e-40 1.39407662759e-15 0.015828431526 2.12837501462e-13 0.000195676353669 0.163934575553 0.0305454458858 1.08539650003e-27 6.60031277456e-14 7.06739879331e-34 1.56589177743e-32 1.29797388689e-129 0.0799181613807 1.64938299952e-12 0.0176941966461 2.13501411348e-55 3.04086055399e-17 0.116387511326 0.000645344972843 3.1578350099e-06 1.07217043542e-55 0.267308489511 1.60769706907e-152 5.83058267542e-40 7.33098192008e-13 3.52823257129e-06 1.11795271863e-27 0.166733980648 8.99077204959e-13 1.24131037135e-14 0.0542765458293 0.000512824642716 3.64375950783e-42 
1.82685944185e-12 7.59405309366e-30 0.144425075856 7.2364033771e-12 6.94037685167e-08 1.97198971424e-99 0.000166627231731 1.600617975e-50 1.33627936356e-39 2.13076565868e-27 2.49669542909e-05 0.714004172702 0.00949947830288 1.04393220194e-09 0.00392048475039 3.35993133052e-16 0.00110353015638 3.40162896033e-25 0.00024730054078 2.07630403974e-18 8.67145993482e-18 3.70932359901e-40 1.70743296104e-27 1.72145610914e-144 0.000435790356141 3.08264971226e-09 0.000980475817673 1.11858050035e-14 5.06016779291e-34 0.00200345901661 1.499578792e-05 3.65231743553e-11 3.84690768769e-34 5.09312964044e-09 8.04538964215e-111 0.000392638443956 1.28955918693e-07 0.116236696224 4.11410560933e-25 1.06730398511e-06 1.26371606964e-07 7.01985428366e-47 7.62790833856e-15 3.63763875018e-12 0.0065429065559 
0.000654506705199 7.87823598478e-16 0.0466893968167 0.0792039152499 1.18825935386e-52 0.0330113550136 1.11581424309e-15 1.66906005153e-38 1.51364878902e-10 0.0746482341217 2.76266372617e-36 0.0140126738719 1.72767411628e-11 1.00540763898e-16 1.37376318982e-14 3.44812733218e-30 0.00660182897618 0.0319845282728 0.0414286024223 2.25848372139e-23 2.97439997132e-52 0.0790259594481 4.74820568054e-31 0.000937650544597 0.0165931614407 9.69554538683e-16 0.0606888039071 1.56229638959e-11 0.000157070473393 0.0439782419063 4.54029692632e-10 0.0425371486725 0.0534533395685 1.38277218887e-21 0.0551822367417 3.68075767231e-08 1.89893832238e-44 4.35640428574e-07 3.6965786122e-07 0.0047104583027 2.10508025009e-05 0.210477903626 0.0315091386441 1.37895648128e-33 0.0724919517272 
9.45975521698e-05 0.0490027017721 0.488990884269 6.63710452803e-10 6.0240746826e-16 8.08184949891e-28 3.08982723299e-14 2.58293520298e-06 4.86006459368e-27 1.82559819522e-07 0.0102603407762 0.0806714797943 1.92538637884e-05 1.67800466149e-09 2.62439639789e-09 0.02118658335 9.59764785068e-07 1.01998916472e-40 9.46865671394e-20 9.12315328049e-16 9.5194216365e-50 2.30239826863e-14 0.0792221367841 3.9953821068e-25 6.62447934162e-08 1.57707531482e-10 0.00580831234889 7.27566191303e-10 1.04977059039e-23 1.74161528994e-12 0.0100246508865 1.03452707442e-15 1.27673096318e-37 3.45124114087e-12 5.83935846685e-09 3.10799120267e-08 4.00763929329e-63 1.85347054888e-06 6.83023818334e-12 1.67084879955e-10 9.87707034259e-21 2.70428175511e-55 2.0029585314e-07 0.0211939739378 0.233519196444 
0.309091409856 0.213820957741 1.01599128069e-05 0.123965157821 2.16598672343e-28 7.14929109136e-10 3.24640581404e-08 0.0224263087022 1.36295986882e-06 1.10282082745e-10 4.43475914287e-23 1.81407912471e-07 1.99749767404e-17 3.65533160903e-16 1.36312181627e-17 1.59773847194e-23 0.000105592422662 8.50876306662e-13 0.0220827848458 6.97703645985e-07 9.50015190848e-44 1.4283906597e-05 0.0284428748165 0.0143891875969 8.97021053413e-10 6.80507665455e-15 0.00778560367703 0.0053363291377 3.95457606313e-05 1.02418431026e-08 9.55926421929e-05 0.217253499295 5.17898128696e-11 1.15751506562e-06 0.0159001549428 0.0164127228657 4.66489290999e-27 2.19108831981e-09 4.05683365853e-09 1.10049420162e-08 1.80065422519e-05 7.18729850992e-11 0.00228293855484 3.89089154699e-06 0.000519536677636 
1.01551623839e-19 3.09650001833e-54 3.46337439549e-10 4.28639631094e-30 2.27908102536e-20 8.66918855798e-51 3.07136706888e-09 1.19492943681e-37 1.63599438501e-44 1.50139787834e-47 0.000556551601365 1.16158133384e-16 9.49535071387e-33 2.68619174889e-45 0.0509602884311 7.04115052962e-24 0.432693501728 4.34805805577e-09 0.35836902218 5.70401672794e-18 2.99771244893e-48 1.37058146753e-43 4.7230364863e-44 1.60445853487e-50 1.88326635199e-12 1.21965996015e-16 2.5550058753e-32 5.70964569919e-30 9.67733591689e-36 5.16147225952e-19 2.64947453709e-06 1.25711769429e-27 1.06858072168e-53 0.0352539290438 3.03797885016e-30 4.09972518116e-30 2.96296512694e-48 1.92858371282e-21 7.48370676883e-18 0.0566130138649 0.0655510215166 3.61882851976e-19 1.37153055496e-10 1.41190639133e-08 1.36046689432e-10 
1.21785513159e-11 2.52573137306e-08 1.32490661172e-08 9.99625101595e-15 7.39416478426e-23 5.32853183516e-10 1.54569905607e-05 4.86173967033e-09 0.00469429648697 2.00752234789e-13 5.86778641262e-07 5.77238900209e-08 7.27368031002e-08 4.8553112965e-14 0.119832477508 6.51629223772e-09 0.197787819673 5.10778711585e-08 0.02384214735 1.63425558255e-11 2.1025702286e-48 1.89978428291e-05 3.23557492471e-07 0.0383337108935 0.0250184358405 3.33780068357e-15 3.83217516386e-10 1.27000040245e-09 9.58199953051e-19 0.392883298257 3.57099690562e-08 2.05519019179e-12 5.88652454232e-31 2.58931788e-16 1.03848622926e-14 2.14701115431e-17 1.23009722022e-43 0.123738603641 3.77159419871e-07 2.24097281171e-15 3.55820785436e-09 1.43675273682e-44 0.0642200217951 0.00961317326278 5.47476130894e-11 
8.34031101644e-05 1.67622180216e-21 2.33917955986e-11 2.7511357181e-13 4.49556154851e-23 6.19209555019e-63 1.3577830021e-14 1.18446122645e-32 1.30432398244e-36 1.67022033794e-12 0.0169486363519 0.024151428052 0.045487732624 1.52149701867e-20 1.33206363814e-07 8.95175733306e-13 1.19531478088e-05 1.32400259772e-14 1.34301929943e-09 2.26533503489e-15 2.07945259873e-40 3.81805774949e-26 3.85144100678e-18 5.86019178106e-69 0.624109711431 0.133748605224 0.000189792671749 2.02908257683e-06 1.61122026775e-21 0.0363544566753 7.32839306333e-15 1.10928080464e-17 9.49208413054e-25 5.34347812197e-13 1.32641148759e-101 8.71427360229e-22 3.20768625067e-29 0.0195720204484 6.60579656662e-15 0.0346901383535 8.76644545638e-11 5.06783054381e-39 4.56042813492e-13 0.0176159747922 0.0470339833711 
9.63875733238e-23 0.00133541593659 2.52370708374e-18 2.28842880689e-15 0.0847524599815 4.43630944243e-07 1.4388925005e-15 3.9052706663e-41 0.750374284713 3.86550918286e-11 0.00403235695651 9.29089563609e-15 5.52234421562e-07 6.52429115073e-13 0.00151365413066 9.04879103313e-24 7.57794118917e-36 5.37426239088e-11 1.00389836878e-17 2.60263300151e-11 9.15206550478e-64 0.122322943443 6.25697317177e-09 0.0131885648036 0.0217597983365 3.30117715755e-36 8.58786162998e-05 1.03889361101e-11 0.000627720592877 2.03780486867e-06 2.08129869837e-32 1.26099943478e-06 6.66350298192e-16 2.33982718123e-09 1.13319447234e-32 9.76372652868e-16 9.7071743832e-29 5.51294222126e-16 1.27019515292e-13 3.45391814721e-13 6.06409734886e-07 2.00289362839e-06 1.02779328426e-12 9.72891381432e-09 5.98732714376e-11 
1.66931251891e-15 9.14401263383e-46 0.0137984019864 3.72260263784e-18 0.051298640277 2.46817824802e-116 8.17155011654e-07 4.19613582254e-47 6.31652339e-38 6.369304568e-35 5.38607800111e-15 3.0094384319e-18 1.83600946526e-26 4.01346131301e-22 7.70349076611e-07 0.576898471686 0.256367414195 1.96204991855e-20 0.000397350652921 1.9826870409e-28 7.87291556768e-14 1.44720180944e-38 2.02032509956e-41 6.04582612855e-188 2.21955032605e-07 1.89409788283e-08 3.22782179833e-08 4.18467526393e-26 8.58113765338e-25 0.0324246391439 4.97988313229e-10 0.0134491171684 7.07728836733e-54 0.0389061481618 2.99342788575e-177 1.10686589235e-29 2.79599369561e-06 1.9619209181e-07 3.01064473371e-18 6.40526320135e-05 6.09333151532e-25 2.05978334947e-28 0.0135332662203 2.21497763902e-09 0.00285764229994 
1.13931109212e-08 4.5175637789e-84 9.67414160333e-35 7.27921445351e-60 0.0452513739968 3.41226634236e-88 3.45442990857e-07 3.4309007192e-48 5.28059966477e-66 3.87239737629e-35 0.0494925463437 8.81930482961e-35 5.2275902967e-45 2.31642732734e-13 2.3473439104e-12 1.93823154799e-23 7.18683843905e-13 2.37480071237e-05 1.36565762955e-05 3.14735496041e-31 5.92457442649e-31 4.59677780319e-41 1.62807074508e-24 9.09601885566e-101 0.0408282098364 4.51573893669e-14 0.00363408772315 1.32537170362e-32 6.43012290427e-27 3.79238035695e-58 2.0059784217e-10 1.02164500389e-48 1.52741572843e-51 1.82315859995e-05 5.54412989352e-94 1.36342212738e-40 0.00662509113016 2.60145548853e-51 2.01165604558e-31 0.298092142711 1.07218443712e-07 2.25743865838e-16 0.0028551583307 0.5531652895 3.26401978685e-44 
7.29196344358e-29 0.0213223437499 4.2349473871e-06 1.2503675892e-07 5.77686967096e-83 0.398015286647 4.29413348898e-50 2.03813444843e-38 0.172835559849 1.2925552237e-10 4.19281301853e-56 0.0557911976722 4.23156313656e-25 0.0145512028276 0.00241434529307 9.44629004622e-09 4.55953767586e-38 1.86580025419e-06 1.30281726094e-42 8.96980456631e-15 3.08392304598e-57 0.0323149824189 3.58714748881e-13 5.29579683744e-22 0.0282491760881 2.9030382022e-10 7.56800617163e-05 0.00116292144513 0.0664618832904 1.34278423814e-10 5.05740872884e-46 0.110106959308 0.0747075108385 4.86619136355e-65 0.00693335971212 3.8765844788e-07 3.14248672214e-46 0.0117201428316 3.85874793147e-09 4.21827580348e-52 0.00311022269186 0.000220597970249 5.43822259367e-44 1.79907090654e-77 2.13167971684e-12 
0.0671610405799 0.0565933361877 0.0040236254245 2.87793027971e-06 7.6608433633e-58 6.99253898283e-14 7.88088076116e-10 7.6146200318e-41 6.2771536656e-21 3.94864883498e-16 4.31104973019e-10 0.22779199232 3.44880921151e-07 6.71911864947e-30 5.40137761886e-26 1.39856849716e-21 0.013597155704 0.0212715921072 3.06920992378e-09 5.29074326162e-18 2.90394300672e-58 1.96844036773e-10 5.66765507326e-08 0.607119179893 1.89404727812e-06 2.71507310211e-34 8.66038991852e-19 2.06823853606e-12 8.68632523826e-20 8.71717526985e-12 0.00180734097668 6.05030660807e-14 3.77049352072e-17 6.00671567717e-06 1.8830609151e-17 2.04578053921e-14 1.82752157715e-51 3.52145150921e-09 1.93936293744e-07 0.000234416222207 3.27734949486e-14 5.22229874221e-28 5.65955162412e-07 2.60058876687e-10 0.000388372164843 
9.06907517509e-12 6.57168645197e-14 5.83421516579e-14 7.34802486328e-11 4.00934483975e-69 4.82021383109e-42 1.26744034418e-19 4.11286818462e-25 2.35952641979e-34 0.0129138331192 0.614254687476 6.40656307275e-17 0.0605855740493 8.1848357288e-89 1.61199253362e-66 7.82701035084e-60 2.58265763403e-10 1.95392395246e-11 0.064547217591 0.000150639399113 2.83128588231e-83 7.30980759286e-19 0.0809394504861 0.114480917067 0.00282781016745 2.85404608841e-96 1.22995333688e-46 1.8298770477e-22 3.43370826699e-37 3.39336379069e-21 2.01843152589e-11 1.76685655656e-07 2.08894910534e-33 6.85181962777e-17 2.49144599928e-33 0.00801909188785 2.90862080951e-45 2.24579857876e-24 5.05412416764e-27 1.24066769419e-14 2.19572829052e-11 1.33572005395e-32 0.00745567351546 8.22005086499e-24 0.0338249281535 
8.26268496265e-13 0.147021938326 2.92471168274e-10 0.0127847952735 1.82937340165e-69 0.000534206344198 3.30281695041e-13 3.52248612713e-25 1.57933791395e-08 7.61969247706e-07 0.00019648810119 0.00756926868887 8.55322165597e-17 3.57551870858e-34 8.14303938081e-35 1.14107157868e-15 4.34021374e-10 5.3219541956e-06 3.84397642738e-07 1.12575287996e-08 3.26190631424e-31 0.00762868983806 1.95653162358e-05 1.98003883869e-16 5.3664242273e-09 1.00053848645e-18 2.24631260558e-07 4.9183391348e-06 0.76093846178 0.00410601777296 2.55712709071e-12 0.054781166734 0.00194461567425 5.96970907415e-14 0.00188126694261 9.23801769633e-16 5.24337350302e-21 4.60438147213e-08 1.65657184973e-07 6.51659752522e-21 1.18372468106e-10 0.000479369139023 1.44767919039e-21 0.000102275856064 1.79545546255e-08 
0.0751769990276 1.5384541177e-47 2.41118108728e-47 9.51097225968e-41 0.00156552998936 4.2793747348e-57 0.259716505602 5.21533096811e-28 7.78675546601e-46 4.02410254621e-58 4.90967151708e-11 2.03153291033e-46 1.27971545756e-51 0.0228217473129 0.0226528114909 1.39667999173e-12 3.23297477794e-08 5.01351530231e-38 0.0117977147825 3.54635392398e-38 3.65069105483e-44 1.56080210978e-41 1.22093750232e-28 5.57811282285e-52 8.16373278223e-49 0.0533341279287 0.122975335917 0.006619734444 7.35108868189e-48 1.00985426741e-33 1.34913755749e-06 6.99788181571e-33 2.16694309058e-50 3.73147762202e-12 2.71754967522e-82 1.06698719606e-54 4.66261474754e-70 4.92320647992e-48 1.78263707221e-09 0.00362931364774 9.04271542915e-36 1.70294365413e-32 1.37800321312e-05 0.419695016521 3.82788885174e-37 
0.000749306552925 0.0432008491233 1.47062497444e-14 0.258637610062 2.16888261353e-18 0.437251869509 1.84504189195e-18 4.54043094657e-21 2.08135898666e-06 8.15085712483e-06 2.33625009542e-10 7.54427452674e-11 1.17233884167e-11 8.03063870383e-55 3.58318353014e-33 2.7885963579e-15 2.15635030273e-12 3.80271927902e-12 1.41133932635e-09 6.14485677925e-14 4.79251046632e-17 4.40190681309e-09 0.0509715037083 0.0124025934627 0.000177879385092 8.33215329152e-27 0.0135491267991 1.34420610294e-10 0.00854698787321 0.151824310374 1.32193163719e-16 4.34635753413e-05 0.0170397065775 4.39632114283e-15 1.00063102023e-14 8.0841279347e-16 0.00332380789169 0.00227067024141 1.65914409007e-12 7.88624254666e-11 7.04990748769e-13 7.6098093916e-08 6.16589953547e-15 2.40529526717e-17 1.95309782885e-10 
5.04193051406e-10 3.54140697701e-68 1.97645183581e-49 4.48469235352e-51 0.0364098269791 3.08353471136e-73 1.60875425793e-05 2.41586655477e-25 4.36711100844e-62 1.41483533452e-33 0.00238378351827 1.2824703129e-46 8.98817842137e-41 5.75037992913e-05 4.53547634089e-12 1.31211636416e-16 4.31151428879e-06 0.00187290912763 0.023827066659 3.9851271607e-17 2.05063643623e-27 1.84797209971e-37 9.4286663157e-48 1.17310018342e-62 2.07945397053e-08 8.07548412383e-12 0.348140362466 2.45186183091e-31 4.68361256346e-29 1.09084389554e-46 0.04698847751 1.49436106851e-47 3.64356306746e-52 0.277592113814 1.92446294737e-108 1.23270755219e-55 3.42346685272e-08 1.78012047257e-48 3.05218979037e-23 0.260841963282 4.8899100791e-20 1.10736484534e-17 0.000824065576993 0.00104147266475 8.29922381629e-56 
2.72473573675e-32 2.6152544318e-97 0.311395794341 1.67204772784e-29 1.04000777876e-57 1.57637108325e-73 2.09779892021e-32 8.77661566059e-95 8.2149427807e-55 2.78520937379e-25 0.105004529679 0.434173638875 3.15290877155e-42 2.13951257726e-79 6.13594585216e-75 1.16821803382e-64 0.0534796092173 1.47822527638e-71 0.0504617068928 2.47231209988e-58 2.18598254558e-17 5.17316755595e-11 1.45084764747e-54 4.45476953708e-63 0.0452580958438 9.86890741588e-91 7.59925695656e-69 4.48379035715e-35 1.79715861602e-29 2.31767970357e-48 5.9296651098e-16 1.8405315226e-78 4.75460084669e-65 1.48509829396e-06 2.28820932014e-210 4.66607084718e-18 3.9306000276e-19 1.14045955936e-71 1.69204473343e-56 5.94339906593e-40 3.61918482026e-48 4.89845174619e-82 9.57125410116e-72 0.000225140001325 5.92176905685e-21 
2.4935815825e-06 0.271291467624 2.62385263331e-09 0.0172480948373 2.85216731335e-05 2.69843136709e-23 0.00508113913176 0.0835096276049 1.9407909653e-15 2.01678844883e-11 4.66651265903e-20 0.00218015568042 2.13411241301e-09 1.12917322907e-16 2.37742303934e-09 6.01332280456e-08 7.52891632169e-05 7.71288039559e-35 0.0214825017529 3.77570236741e-08 1.16910831001e-50 5.0492941567e-16 1.63059540312e-09 3.89705120083e-22 6.21972731331e-06 0.03368777846 0.0297348797659 0.374503806152 4.87629938786e-15 2.06939981724e-05 2.57630306253e-10 3.4480844241e-10 6.86292291231e-22 1.00413688489e-10 9.230285784e-12 1.17807416662e-19 1.89714282193e-53 4.54859906562e-10 2.73878127938e-07 1.42181134233e-08 1.96376035162e-16 1.13578552676e-32 0.159858766693 1.45968115389e-14 0.0012881682147 
3.60677938028e-08 8.17680897295e-43 7.86930967681e-49 5.25961316479e-41 2.3855088762e-16 1.69278601333e-62 1.62225287283e-13 9.45891274709e-39 8.96055206596e-52 1.58733063937e-54 4.76767461227e-14 6.94880906618e-52 9.86372844164e-50 4.47085786802e-22 0.143188329614 0.0663106106224 0.444989653334 2.67907270059e-34 0.248438316799 2.42546518943e-37 6.82740560037e-54 6.2680255219e-49 6.36985298659e-46 3.28709545965e-55 6.57343895443e-44 1.72740138068e-05 0.0631839753947 2.95648969312e-29 3.56825355376e-50 2.29782359502e-32 0.000101260606223 6.17267424505e-34 1.5795417111e-49 0.00101151175613 3.8469149957e-110 2.98098602078e-42 4.59500638451e-57 4.2031307814e-35 6.09208563261e-25 0.018036611849 5.7399896237e-34 3.16864803841e-41 0.014722419943 7.91183286795e-14 3.10207375786e-51 
1.90444767014e-20 2.65582938493e-23 1.21275601877e-20 1.23551407514e-45 1.53841826776e-28 3.20012430785e-55 1.21495132859e-06 0.352686008778 6.10589398955e-19 6.87792216075e-36 3.44123045004e-47 7.29759200306e-12 8.94456393877e-43 3.55024810237e-51 6.61290614016e-48 2.89884802695e-46 0.0318162846904 1.16928917788e-85 0.0398032904393 5.78640399565e-38 2.31124653283e-80 1.44777448039e-46 3.03540090633e-34 5.49905333601e-56 4.9772062965e-36 3.65658040625e-05 1.75116016218e-21 5.77040733773e-12 8.62389057413e-43 4.97730530972e-44 0.00012481973963 3.26045450705e-32 2.92918753454e-57 1.23939434263e-20 0.568926602884 9.21627239407e-36 1.40153679855e-95 3.82967370878e-40 2.96782139466e-20 3.32758218636e-19 2.34318001473e-37 8.97216162688e-69 0.00660521270028 1.7118333829e-32 1.1254927545e-20 
0.00102923952002 3.3650185114e-39 4.94275924465e-35 1.064373567e-22 2.46005388014e-06 1.23846844799e-73 0.233361243586 3.59358279728e-30 1.3312402007e-44 1.08143711404e-33 0.0838413422451 2.42085117184e-33 7.40856492998e-47 1.08619666048e-20 1.23162325596e-06 0.0350213548729 0.0219109609872 4.09112701117e-29 0.0378525375741 2.50240803514e-31 1.02670477808e-43 9.25579549221e-45 1.92329553357e-34 7.83861352623e-72 7.24410253311e-32 0.288056710049 0.000844813637204 5.67311846627e-15 8.05743542753e-39 6.96702288882e-17 0.0489822327443 2.9430126941e-28 8.40986489735e-41 0.0310011489425 8.43338912242e-90 5.1167239082e-41 5.74353082841e-54 6.07510277573e-21 9.31851420411e-10 0.218094407031 3.43041848597e-35 4.04384490196e-47 2.73729618675e-10 3.159286942e-07 3.08014077545e-48 
3.50580559683e-06 1.60595786133e-11 0.000857194755393 2.43381267262e-06 3.7548565241e-72 5.53382628222e-12 8.52010485672e-16 3.03837452731e-48 4.64341835053e-23 2.34618401724e-15 4.11372971735e-14 0.204243466001 0.0751493302644 3.98985308858e-92 2.19071504797e-26 4.34504596629e-34 1.07744378839e-08 1.19067215802e-28 0.106591462796 0.0876006533749 6.30825690825e-57 1.49035526344e-20 0.0307519107691 6.28911553024e-10 0.0483352478076 5.94587429841e-62 1.47164409826e-45 1.3291472287e-10 6.18717891298e-29 0.163956238905 1.08170078601e-18 0.0273912552648 1.49097506421e-10 4.21844085332e-20 2.0498235639e-12 1.57512473813e-07 4.908284382e-45 0.0230723406749 5.24208622124e-05 9.58912422221e-07 7.55153134309e-09 9.84319436007e-32 0.162849487409 2.62020488159e-25 0.0691419158119 
1.26549485747e-10 1.54479395837e-05 4.5339191174e-05 0.0582847788812 1.82743181883e-66 5.18679523012e-11 1.47603478229e-15 5.06278093972e-30 1.70343315727e-13 0.0560545785215 7.62061622197e-25 0.00173937519683 1.58494806764e-05 1.29048687533e-36 1.34872608322e-40 1.68830847761e-31 0.0479453323786 0.0111162498936 2.5407416519e-14 2.0408196131e-05 2.03623994196e-48 0.0881696484724 0.14482316543 0.000108316474832 6.51360046416e-06 1.58413862185e-33 3.17872496085e-34 1.06610238414e-05 0.00803622890859 0.0273424031594 5.16287852416e-07 9.94606990958e-06 0.0506957093958 6.83212814204e-22 0.0924643350446 3.04163385794e-11 8.62411662866e-47 2.76720166673e-11 0.101165550709 9.48280896976e-18 0.0559454598338 0.0208676356278 4.99560652931e-16 2.6096192102e-30 0.235116550046 
0.0641186905788 3.36509377334e-30 1.59694965188e-34 4.77418760337e-14 3.80046646646e-11 2.25159964544e-65 3.93269384181e-11 5.41543288527e-12 7.05403094557e-32 6.74343750704e-55 6.17249094323e-06 5.73851496896e-32 2.19972623006e-21 1.13230331805e-28 0.242381339614 0.00720345688251 0.264898948013 5.30207590437e-18 0.000109873608102 0.00806181284772 8.99251686677e-31 1.55669702267e-47 3.10622787033e-29 2.04569781219e-74 1.0363254951e-10 2.76911621026e-06 7.50802973057e-17 1.66047864292e-19 8.15086378835e-34 0.347875184218 2.91267105652e-09 0.0355115904611 1.20202644532e-44 6.67588722096e-10 1.11843640494e-60 2.55916600145e-16 8.50619359396e-24 9.62857005626e-05 5.65809235346e-12 0.0192250781978 1.67367645153e-08 9.6125015819e-14 2.37761519952e-06 0.0105062503203 1.49826390006e-07 
0.0447597217645 0.0113999493879 0.0078805372791 5.71259821999e-11 2.95455666398e-26 4.70947796057e-22 5.27242572838e-09 5.12252288789e-05 3.23355241685e-06 1.45914296162e-15 1.88100383898e-36 4.85477024174e-06 8.60234325438e-16 2.6010376586e-37 0.0129902626892 0.0264567754714 0.012919460595 0.000267737253458 1.52775717145e-10 0.0617663060239 1.17228249151e-37 1.81443595759e-06 0.130818423155 2.11100514402e-14 0.00120619078233 0.0863928178154 4.05185872014e-12 0.211276511722 2.68909831328e-16 0.214052117038 1.51018978061e-11 0.000312707880813 2.83705350345e-13 1.24065678948e-22 0.00594496885889 8.70908190483e-11 7.32544912483e-27 0.0643251828749 6.15612460348e-05 2.78396147039e-09 2.31115416544e-08 9.71474542304e-25 0.0692487477041 0.0378587714571 8.9529544841e-08 
6.5306824081e-09 3.49496244303e-20 0.524203618934 2.49737357943e-25 7.29683552724e-07 3.86794715625e-108 3.42595373416e-11 2.66731189325e-35 1.34682575432e-35 1.89919178725e-34 0.00574093238057 4.39673134259e-11 0.000160319115512 0.010088302242 0.0152393726374 0.00693626115003 0.0753462013312 1.87972515428e-52 0.000691181600777 0.0122650815093 9.41301300683e-14 1.63947870594e-52 1.5159153791e-41 1.6302382859e-285 1.53083959518e-18 0.0217764455856 0.100538682605 1.02033462948e-07 1.75077330562e-42 5.99792995526e-22 0.0327190157995 0.0238756838344 1.45788393404e-34 8.61968267665e-10 2.64242096994e-239 0.00161176954812 0.138348060734 4.14423157942e-12 1.43380121984e-25 8.72835744161e-06 1.12519647645e-30 1.26561227508e-65 1.82224477041e-09 0.0102241537023 0.0202253479188 
0.187850821724 0.0175271664052 0.0248017930686 0.103768008697 3.1205642766e-35 4.38915231307e-06 0.00854210917586 8.34324853983e-16 0.0333364988499 0.00690432616628 0.00385667741825 0.00268307433362 0.0917741263148 3.50430293769e-37 0.00406850538879 8.10991775041e-05 0.00253737831167 1.05103472775e-16 0.00583353675424 0.0365921880228 9.5521500011e-23 3.78848290059e-08 0.0739384913138 5.96464217118e-10 0.0694069411909 0.00397662463508 7.05380389626e-17 4.30954905874e-06 3.11611198064e-07 0.00401450501915 1.11534749265e-05 8.23120030036e-07 7.16768196584e-05 8.17574216307e-07 0.0169088080521 0.0534835200476 0.0035069868524 0.0611639871138 0.0470639416464 3.80646847309e-08 3.96818051669e-06 8.66965106058e-13 0.0183217506848 0.00249117665698 0.11546843095 
2.22925953639e-08 6.59721937745e-25 8.04306138523e-25 0.0150537358451 2.02660318018e-21 1.38646609074e-104 1.72977296847e-17 6.79553988702e-58 1.16346288462e-32 3.16483050939e-49 2.5208115226e-08 1.81653613947e-33 1.24611349786e-22 2.9733853544e-08 0.0297820411763 4.58407370716e-11 0.137014372642 0.0156873432864 0.482292630133 1.10289529889e-05 4.85276965557e-30 8.81710640156e-51 9.27150486734e-39 4.19861485176e-106 2.84401787831e-17 3.33442442611e-08 0.0452432056354 9.12095326784e-22 4.93984235175e-28 0.0288838019611 3.6692189299e-11 0.000363057273126 3.01001642576e-27 1.73083905827e-12 6.21117111212e-107 0.00863283758499 7.05474490917e-26 0.0664001984522 6.43140728499e-08 0.075775495062 1.40033204812e-08 2.15191121048e-46 0.0948600630143 1.16056915666e-20 5.79106681095e-38 
2.1810109432e-09 1.68931075488e-29 0.00133727398854 2.71415906758e-22 3.81113450723e-35 6.55259529178e-14 6.61366863838e-13 2.95504009604e-28 1.90259246963e-05 2.28267697882e-36 1.72963080695e-07 1.64004101859e-07 2.89305058134e-20 3.5567342011e-23 0.0444103746109 3.67336516193e-14 0.0953807023965 4.38530829153e-22 0.00600804880134 0.247039097235 7.12328855972e-43 2.41482016296e-13 8.80597401892e-23 1.30653430342e-06 2.04406747852e-21 3.08909712042e-06 0.019189611365 2.74735789047e-06 7.95703132319e-30 9.66138370442e-15 0.0754421842923 0.0968036349333 2.38326169008e-16 2.49674981751e-07 6.22281441034e-48 0.398662018463 1.75723959634e-32 3.68051777341e-15 0.0156999351995 2.00120147556e-13 7.73973756917e-17 8.28880049953e-37 4.79779207754e-12 2.07081030844e-17 3.60971240298e-07 
0.0220405967619 2.91334023245e-08 3.63472622668e-08 0.00416909926559 7.19972462483e-11 1.66955532639e-06 1.18742139877e-11 4.20242700318e-19 0.020867809854 0.0502421669236 2.48169124572e-13 4.39007580443e-08 6.48527878429e-10 1.9610017433e-07 0.00576443142093 2.32547279759e-13 4.1632243563e-06 8.93873268245e-11 2.14590890371e-06 1.75415807223e-05 7.23498313281e-51 0.0203169117021 1.49761053749e-10 3.45823297694e-12 2.86679035248e-06 2.01241396613e-27 3.15909377631e-05 1.30975272239e-06 0.00834402063643 0.0239435364998 8.0984584941e-06 0.0540113837077 7.12513485524e-08 0.0222172491405 1.02120834364e-16 0.0319599061848 1.69005322486e-21 1.61535009966e-12 9.49614496751e-06 0.0232496129478 1.7567351097e-05 0.628252069283 0.011144514341 0.000151612253699 0.073228251662 
6.27441979503e-17 1.90462450292e-65 6.18011897678e-32 1.38254989216e-16 0.100605205754 2.77665814807e-10 1.56597410758e-33 0.0359153867044 0.00854709243535 9.5784552726e-38 2.68753065686e-79 4.46450497996e-28 1.41054951375e-30 0.00366963363106 0.033297438371 0.0718065855209 7.1843674672e-24 2.71557482496e-16 1.49529968866e-29 6.82721723907e-35 0.447946503589 1.68416195811e-09 1.54905792799e-44 0.000448122477226 0.0313027325251 5.62628386652e-06 0.0364087858908 1.6832535883e-16 1.44188199703e-30 0.0489525006054 5.10287710695e-30 3.52908658635e-23 3.16364696278e-50 1.87813095263e-22 1.96361901328e-153 6.33867392547e-29 1.6308047283e-13 1.77497933567e-06 0.163220631729 1.41210924093e-07 2.05342262404e-07 9.4599735933e-23 7.8692574123e-07 1.01711902557e-34 0.0178708440636 
4.26777238086e-07 1.28056932228e-83 1.33244006718e-28 1.58504433318e-20 0.0179574002304 4.85058391434e-44 5.56837586877e-07 6.65701947132e-37 2.01428570085e-46 7.17114561731e-27 0.0403362765173 5.60252972194e-30 2.96043274634e-10 3.23351239054e-17 5.98181907634e-23 6.78885782594e-26 0.00760343725055 0.334012862942 2.23152069504e-07 2.14065761529e-20 2.17712272574e-18 1.01829785185e-33 7.31236920352e-08 2.97014707476e-47 0.0907790677612 2.07798819892e-17 1.05883504549e-10 9.56379761038e-30 2.39055516624e-25 1.17516933904e-43 0.00269299578802 9.72531641849e-44 2.75405113177e-54 0.232476083552 7.12846117375e-141 1.7469259909e-32 0.0759250353109 1.10707491878e-41 4.15734280988e-22 0.176699016853 1.82303337669e-18 4.1037728952e-17 0.0215107513388 5.79182076654e-06 3.42678918205e-10 
1.13733546842e-05 1.5554162933e-73 9.95937546854e-26 6.45627773604e-12 3.22744283965e-10 6.25882185214e-38 0.128442902218 1.07810556721e-61 2.7877004799e-26 4.57004588411e-87 0.104060064403 2.25394192532e-55 6.47829081289e-33 2.28795680131e-05 0.0578510236582 2.8183982131e-19 0.0849449093113 0.0143377239437 6.12941165126e-05 2.06812237386e-43 2.89556688185e-49 1.66307510168e-26 3.39039045166e-52 3.56160393431e-54 6.71170450434e-46 0.0060175115609 0.186447855613 1.88449898213e-15 4.71385429163e-40 5.38395185524e-09 0.00260983847915 6.5452039299e-28 3.60431931729e-23 0.14201540932 4.36917829608e-130 0.00444340848457 2.62137461549e-48 4.96668586861e-11 0.0252515095953 0.171471764786 8.91756595977e-13 2.38437052308e-40 4.45664215571e-12 0.0720105258187 5.11130881363e-63 
4.49584786992e-10 2.37342122624e-25 2.46707517776e-08 3.06941068832e-37 0.596346458675 7.51245183662e-106 0.00208274763713 1.89083852917e-23 2.19853794424e-41 2.84347498199e-44 0.13823039146 1.6888320054e-17 7.74904887395e-21 2.38595287421e-07 0.00384574658315 0.00676624483865 0.0564845067806 8.02573753371e-19 0.085484192302 0.00038847016738 5.34452430585e-20 2.49179471747e-49 2.71228769433e-34 5.08354386617e-161 2.12741772865e-17 3.58649858985e-09 0.0929881480138 3.28077081648e-18 1.51391130846e-39 1.44496704634e-32 0.000197465895755 1.31030724946e-11 2.25041115915e-37 1.51397923364e-05 5.01540851884e-126 2.12566737095e-12 6.34539100927e-08 1.76099726376e-14 4.76922090829e-30 2.06234544705e-07 5.83988568629e-27 8.49636359923e-46 0.017169610588 3.40253320016e-07 6.76634168053e-12 
0.0836874824358 1.537681578e-16 2.65809601033e-18 6.46209567664e-10 1.55420539446e-14 4.27309746372e-34 0.0355809960014 4.0055739794e-15 6.79707120155e-23 2.82028437025e-44 0.0227303419498 1.00012217138e-11 7.32273103876e-20 2.2695531712e-15 0.0340415158855 2.30982685442e-09 0.390377511367 1.75972286518e-54 3.06909275638e-06 7.09637952831e-10 6.54849514763e-27 1.01818089131e-37 5.74012235954e-33 2.29822804558e-47 7.54783765838e-26 0.422942143708 0.00459745418689 2.1528368351e-13 7.23407706615e-28 0.00151636857623 0.00374060320367 0.000551614378069 4.79265532179e-48 2.55010112693e-13 4.75425344276e-25 5.72968299461e-18 4.52545905519e-23 0.000227050412187 7.17547730554e-13 3.81793633861e-06 3.15646936592e-15 2.27969495676e-47 2.71032286751e-08 1.24315797957e-17 8.59248577321e-11 
8.60161117284e-36 1.21288621148e-18 9.8428423594e-09 0.04514492207 5.43405067296e-18 0.0156671022578 3.44538929149e-34 3.1256714041e-07 0.00891259066292 0.00813252855066 3.58197424674e-44 0.139697279911 5.82644544369e-11 0.109726019453 1.51496492597e-11 4.87195678303e-24 8.71755979507e-16 5.07896549151e-11 4.64938073342e-30 3.00161251424e-05 2.96823355518e-42 0.213270424156 0.000471335216716 0.00469760701642 1.71271805167e-06 9.45055234036e-07 1.88630933246e-06 0.0794144628619 1.27384544043e-06 0.0132831908574 2.35587123614e-17 0.045905687478 4.72426134129e-06 2.00948586481e-27 6.39947340293e-48 0.0141761680564 9.49286351425e-32 4.20644707502e-09 0.0664874058166 3.05588307347e-41 0.00124830816504 0.169477703517 2.80441317667e-33 9.33233932429e-38 0.0642463788977 
0.000147918799305 1.6070771516e-38 5.1031429573e-40 3.76956831465e-35 0.00375521753438 3.42367016613e-39 0.0139656631068 9.01605854956e-27 2.59108115091e-42 7.13987679688e-43 4.55115889246e-06 1.55636736782e-40 1.06309830637e-21 0.0014582899381 1.15899864514e-16 7.57399250289e-19 4.25422628985e-08 7.34351589472e-12 0.00452833562102 3.77631328032e-27 1.32882278808e-36 8.24099365026e-42 1.91706971134e-24 1.33122435623e-74 1.36230282082e-17 2.73277797503e-07 0.0732522996296 8.51905655273e-24 3.18142818244e-26 2.00580752719e-28 0.785933757101 6.67345023941e-28 4.23145005438e-44 0.000405111797707 1.83195888496e-76 2.7326056617e-39 1.96021591499e-28 9.06554098461e-49 1.69299509299e-11 0.114083552811 4.50077501863e-20 2.24699406791e-19 0.00230815952604 0.000156827131608 6.04194511137e-38 
0.0115735421377 2.65098331614e-11 0.000142490946342 1.6070492433e-10 6.36157513323e-80 3.79584288322e-23 6.49541466933e-13 0.0378918383671 3.37210345404e-08 8.33391870012e-21 1.71334370326e-46 0.082694375406 5.70610314872e-15 2.91322941544e-31 0.0400124448649 0.0162379558341 0.0392809876188 0.00122374680899 0.176421937536 0.0311135659117 9.68476394184e-22 0.0192444976966 0.00447508934716 7.53691591885e-17 0.0116566304019 3.36145324789e-07 6.61320328171e-13 0.288291525963 2.80879647676e-08 0.029569539887 5.45813331708e-09 0.0557736392602 1.79553033943e-25 2.99443318606e-24 3.32103843809e-54 2.3377825517e-08 0.00378479766882 0.0047982103226 0.000300750254676 1.27428679488e-09 4.51248840309e-05 0.0228712735669 0.0168635071146 1.5053206278e-26 0.105732099948 
1.50532876258e-52 1.06871876553e-23 1.31101786069e-17 0.0806283704877 0.00186381320108 0.0655446021057 2.58348908875e-47 0.135975412936 6.19200909705e-06 0.428950783767 2.14791791687e-120 0.0779966782815 0.0132022699688 0.012004445265 1.40397850787e-15 3.73475987799e-29 5.51772929615e-75 0.0137829009152 2.54815695612e-93 0.000271678543931 1.06178870192e-29 0.00981987639596 3.9202249752e-09 3.37641509169e-21 3.09209676561e-05 3.3222935502e-21 9.63052330826e-09 7.03707552617e-11 0.0984720871529 1.47646599464e-22 2.42415265004e-58 5.83831328191e-08 0.0454804422876 3.44468711521e-60 6.24070971198e-40 1.65409084579e-05 0.00471143456927 2.64955235678e-18 4.30945331247e-11 4.11996806072e-45 0.00170418159307 0.0095372965963 6.43046937949e-115 2.29413980412e-110 9.37962912793e-14 
1.22740068322e-16 0.000237675109456 7.20859386286e-09 0.0557075997951 0.14581545768 0.0810688433386 7.69473104212e-21 5.58543061299e-28 0.00135030542271 0.0266194423177 0.000360656641374 1.96245521656e-07 5.79116838916e-13 0.00688644578523 1.23063300507e-13 6.56233111157e-28 9.46661419161e-20 1.34968615852e-05 4.41103998102e-27 2.45387117095e-06 1.67676977557e-50 0.0303874778025 0.127191148662 0.0142679084385 0.00723243070399 8.83662482045e-26 0.0109084816785 6.16099616028e-12 0.00646317837324 0.000187847903771 1.44768036197e-17 0.000388437316874 0.336666750287 1.13129110766e-15 1.24313640192e-43 0.083068600497 2.23928278021e-12 1.4169410277e-20 1.10136671445e-17 1.48624195697e-09 2.14374906438e-05 0.00139399846654 0.00240684694538 6.58695400121e-08 0.0613528077934 
2.06924512468e-08 5.38561328691e-65 0.00501667739425 3.18587747473e-25 0.0198560672691 7.75577228716e-109 2.61697117866e-06 7.86042274649e-44 1.0451414451e-46 3.28110240991e-48 2.20870062128e-17 0.00333663654881 2.96409122279e-13 0.00565531120565 7.34483295466e-10 1.97818909417e-14 0.148959835699 9.78854825911e-06 0.214041790544 4.48162113374e-28 2.98097045552e-12 7.99103610814e-48 1.6429950711e-17 1.23143317357e-152 1.8765584172e-06 0.172433239249 1.13265725824e-07 2.0999473518e-18 4.26228614762e-30 8.72449687152e-12 7.11869751095e-08 7.29793687502e-24 3.14919783948e-56 4.25939973136e-07 4.78717096265e-167 3.16347410607e-27 0.341769216268 2.63445296189e-10 9.97060183424e-24 0.00309665901254 0.00735708352436 4.43249956903e-21 0.0729649210565 7.10832681688e-13 0.0054976480556 
# The emissions
0.766291298546 1.77172855465e-33 7.04007221556e-11 3.22896899343e-12 0.23026183124 0.00341642478453 7.15426328112e-22 1.06925900702e-74 1.62596413327e-05 1.62858676152e-155 3.18503924749e-36 1.68088943903e-11 2.53352425237e-19 5.38441707684e-13 2.05208032453e-06 3.04546626117e-19 7.65258887768e-134 1.29445656286e-16 4.09987533164e-06 1.54302049526e-08 3.99372964484e-38 6.2186778451e-96 2.71754678885e-21 6.86881031914e-16 8.01831153286e-06 8.58376896128e-166 
9.95808116023e-28 1.16720711312e-21 1.51966795315e-07 0.940519739104 5.91810445949e-17 0.0326210541002 0.00738110600109 1.85133116181e-26 1.01488493346e-13 4.95347317096e-20 4.78433509435e-17 5.93382789478e-07 4.65400357943e-12 0.0191326911129 6.23010760926e-27 3.26166434425e-13 1.48412009103e-25 1.14992130179e-07 0.000248262936032 6.77659482573e-08 4.29157772599e-27 1.42401019877e-10 1.6897212965e-17 2.10052525316e-16 9.62184903683e-05 2.76560140569e-52 
2.01877209529e-19 2.66556026757e-36 0.07062893409 0.0122953478154 5.36361540753e-09 0.0218498066896 1.09625422389e-18 7.55385124031e-21 2.82186295863e-11 8.71473917463e-37 5.3970826215e-19 4.766931726e-22 1.28610893177e-12 7.52924559075e-23 1.1098499899e-18 0.0988532883731 0.00358870250369 4.93675034571e-24 1.67467720166e-05 0.792767168358 6.48733219251e-13 1.88981217408e-24 4.22193239179e-12 1.89206669336e-58 2.9864101114e-19 1.00617964115e-52 
7.93780970659e-20 0.00953499571819 0.333098353761 1.05504022479e-17 4.65966952593e-13 0.0118259253539 4.83425662727e-38 1.54967733046e-56 6.76105221382e-25 5.46407808154e-49 7.85735175512e-36 0.0186727452027 1.83049399794e-16 1.34717837648e-07 5.54640898621e-13 0.0485159319168 5.24608809561e-48 1.57757320403e-06 0.520211677908 0.0581375008473 9.71534264894e-17 1.59048114804e-47 1.05557836058e-21 1.14896145202e-06 8.03882572659e-09 4.53144686999e-73 
7.20303226725e-09 4.56344948197e-20 6.31296205525e-31 7.30799495507e-43 3.72079159187e-07 3.82643800941e-37 2.10155039427e-41 0.00546494054817 2.15091935389e-09 2.38437408684e-44 6.26652313561e-34 2.41948643472e-28 3.14560805352e-34 8.56108680504e-28 0.0306149840466 3.7050034974e-25 1.1917349095e-33 2.0051193022e-21 5.57773702055e-20 1.13728971036e-25 0.963919680582 5.62150026071e-35 7.65929666881e-11 5.69203700299e-44 1.33135810224e-08 1.50177473468e-151 
1.11517679517e-18 6.86387555922e-14 0.000134466646496 6.93460222973e-12 2.71877559888e-19 0.000210179397755 1.25732958681e-54 4.60283820186e-42 0.00047783381605 4.58658980563e-89 3.14429201047e-25 7.02749110166e-05 4.67608908426e-28 0.900316902124 5.05678937927e-19 5.70118428129e-17 1.02621613127e-54 0.00672037070737 1.28023243087e-07 3.46579726351e-05 3.16489797905e-11 5.31369303386e-64 7.24280770884e-26 0.0920351863627 9.16598875445e-22 6.32640000174e-106 
0.000972392333107 2.21492441163e-85 1.70962624817e-71 1.52774554715e-38 0.76557013051 8.02360699828e-40 4.07043174286e-66 5.63189874577e-41 3.54856072717e-06 3.12662402196e-100 1.03298561695e-58 6.81072673965e-34 1.85095598235e-47 6.92204148062e-50 0.10854229884 3.79676007882e-15 1.54994635226e-115 1.0650000704e-39 2.69138695492e-13 1.88616677592e-42 0.124655127232 3.10158194396e-45 4.12993705574e-51 2.37425201506e-56 0.000256502523732 2.26316038842e-170 
1.72128040536e-37 1.20668248234e-48 1.04071920124e-06 2.22153592973e-15 0.012521087322 3.6262102772e-26 0.924657717432 9.30404633749e-37 4.29621298516e-12 7.66545272784e-59 2.57894583944e-06 4.29944288907e-08 4.8660476668e-06 6.33649078996e-07 1.64178829089e-47 4.25229380753e-20 1.39506254615e-38 5.86097989169e-15 8.99788879695e-15 1.42785634156e-08 0.0628120032906 1.53132130284e-08 6.51241690883e-38 7.77593771899e-32 3.2701097773e-12 6.22961811169e-69 
1.03142672734e-43 0.00716530191744 7.99300342352e-21 0.0079179263874 2.10414223799e-12 2.84795187312e-19 1.03655092806e-35 9.89294883909e-46 9.0304460723e-05 4.47227927265e-63 1.37844770451e-26 2.24705754589e-07 1.48073323473e-20 0.727072881896 1.51292312652e-10 1.24146760328e-14 2.84028044857e-85 0.000155490976024 0.0836358368011 2.05367071556e-06 6.27456807177e-11 9.91931894985e-31 0.173959978969 1.39907489886e-24 1.98505476741e-19 2.6945850156e-57 
6.41889765394e-32 0.186601614421 0.0450453267333 1.62268016419e-21 6.45254106883e-11 7.5623392148e-05 1.75996543794e-12 1.1277244485e-69 2.07387176775e-08 1.0697538503e-60 1.5277116762e-49 0.764951637495 6.45395236109e-10 6.11256698743e-05 1.5729767647e-33 6.80784801992e-13 4.31891409142e-17 0.00326406216881 7.45092736866e-10 6.64782684204e-15 1.05277072663e-09 5.86870493438e-07 6.36206112681e-24 8.13591365689e-27 2.8081523524e-13 1.82951255384e-57 
9.01937532757e-09 1.00747589679e-32 9.80422242678e-24 1.52501415716e-55 0.0248187331604 4.40977680884e-46 1.56673721057e-31 1.92254830156e-44 2.09140485342e-25 1.25430061891e-122 4.33139013754e-52 4.63245457038e-39 1.14318993353e-64 7.74801355086e-37 0.97518125782 1.19024671155e-21 1.78596434211e-48 1.24859306526e-54 3.74321435854e-23 3.80569134016e-44 2.19967130411e-24 4.48798371059e-41 7.81394143632e-74 6.0706530714e-35 9.73782635218e-20 9.41566360436e-152 
2.60288144444e-41 3.32349470599e-22 8.02048536338e-12 0.000490979416227 6.67367151185e-16 1.18128540714e-24 2.07431363603e-23 3.30795853172e-20 2.22062373192e-12 0.000753108207935 0.0482963978554 0.013147513381 3.18355427329e-18 1.18276031449e-13 1.58935992914e-50 4.66299375494e-06 1.67742748355e-25 9.50372686321e-18 0.100779262952 0.836528075164 5.28897897009e-36 1.54068173947e-15 8.02071860293e-30 4.99246671459e-12 1.44649849221e-11 8.51716683309e-25 
7.54610007921e-26 0.018913444368 0.475511156169 6.76918910426e-06 3.96334455437e-12 0.0121409119327 0.0177308683512 0.00348861442559 1.16558314375e-62 0.0461657309327 2.07487627932e-41 0.0251076171952 0.187810041593 0.0452420283316 4.62864807676e-38 4.19828139194e-07 4.81372756285e-27 3.64459715499e-07 0.106685795763 0.0320447361056 3.74934752359e-108 0.0157390745356 0.000624446086266 1.12543365264e-33 0.012787980729 6.05878902269e-28 
1.40940616252e-08 6.26250920889e-40 1.97646008662e-45 1.23699979915e-47 0.000227808056891 6.1440920279e-43 2.82427586568e-71 1.41167915952e-12 0.805165914219 9.28370183861e-113 0.0188816876948 1.29310624778e-33 8.22215941637e-43 3.5550913022e-26 2.03294130404e-12 3.2898886211e-40 8.84492589575e-54 4.27767255829e-35 9.56701620283e-26 8.67273241487e-35 0.175724575931 5.01913335799e-60 5.38069367472e-23 1.54024172328e-39 7.03699316254e-13 2.39033717427e-99 
5.31979285671e-09 8.51712634742e-68 9.55433004775e-58 1.16059919372e-35 0.000450331626763 3.78008391136e-50 2.39213479563e-50 2.11514513164e-37 0.994711838344 6.19727002334e-112 2.89084624648e-35 4.1726001622e-49 7.46114233271e-52 5.26623554752e-32 0.00374274838983 1.16990384061e-28 5.36337091636e-101 8.45229000929e-47 1.92888282315e-09 1.69416210498e-41 4.24563173625e-27 1.56533464485e-72 1.71056509229e-19 8.45052432832e-75 0.00109507439078 1.521142098e-142 
7.32373303015e-33 5.16478402691e-141 3.29702931749e-54 4.92588194805e-52 1.25334180631e-18 1.01070621352e-50 9.23020373719e-79 1.74915042085e-16 0.823113877345 1.27197063096e-175 1.18446095284e-46 9.47428271297e-36 2.57935297834e-29 5.36555941531e-37 2.75339737441e-20 9.70048271423e-42 8.58567257362e-110 2.42046317039e-09 0.0573586163757 1.64569175527e-15 2.6482647972e-42 5.93512240898e-62 7.56962863093e-50 1.01965219529e-173 0.119527503859 1.17970686399e-291 
1.63767493191e-11 1.80968476775e-69 2.7467417725e-65 1.10888029754e-44 0.994278649702 1.8741512939e-49 9.81168308072e-54 4.50082715959e-30 4.97855023352e-14 1.65934559674e-173 1.36121955348e-21 5.9912368033e-41 5.80953458545e-61 1.27563508306e-43 0.00569368230952 2.24944494985e-36 2.60901714589e-67 6.35810637637e-56 2.39061484241e-10 2.75583201869e-34 3.67409352322e-12 1.24614991206e-45 3.51504963499e-86 3.09858032614e-66 2.76677292636e-05 1.98351357114e-132 
3.73022912066e-25 8.37173185668e-46 0.0051315343403 3.53161944654e-55 0.00584014922802 1.28800556545e-54 1.68710107538e-46 1.46166186626e-10 5.48106743771e-52 5.50639061146e-13 2.52432173516e-49 0.0302067448145 7.06933650041e-40 3.54489320782e-32 0.000119879856683 1.77281114454e-21 5.49664524626e-63 0.953372370853 3.09595334486e-20 1.27140849759e-25 2.79929792156e-37 0.00532438263793 3.18541725454e-09 5.65253706441e-52 4.93493791938e-06 9.59139769718e-62 
0.00220229981826 2.69953553914e-48 1.20772062243e-63 2.89751946955e-38 0.997794102262 3.73700564214e-51 6.59699775988e-57 1.9254673586e-25 1.13568430411e-10 1.18335677208e-116 7.82361162985e-15 8.95125932082e-38 5.16320685453e-39 1.50283378716e-46 8.41766095154e-15 1.76593272943e-39 8.68682671214e-92 8.01536924181e-47 2.98614336369e-16 1.47811607474e-25 9.50354669065e-13 5.68510486563e-43 4.55342988226e-62 3.86144354518e-59 3.59780569456e-06 1.06539770473e-69 
5.81017357915e-21 0.103458320273 7.62276408961e-10 0.00292821207809 0.0063345057286 0.37231346048 0.0315277444455 9.6796639335e-06 2.90257811627e-17 8.42878860214e-14 1.51358897478e-05 0.0952664895839 0.198999291661 0.0393253252425 1.98520515244e-25 5.10651826565e-09 1.00969654897e-47 0.0109105879183 0.000191187598492 2.06661673063e-05 8.9583789588e-80 0.0217455912884 0.107992936822 1.11781426146e-46 0.00896085928983 7.11582640334e-27 
7.92996432139e-07 1.73740129685e-134 2.11441029299e-121 6.82091632636e-125 4.72417357236e-35 6.98335771805e-126 1.63133201181e-36 0.912484732799 0.00906198724342 6.43330214703e-132 8.2753639257e-129 8.00449759052e-28 4.13832141814e-123 1.84501783284e-06 2.33510671397e-18 1.57259790643e-122 3.36640094069e-214 1.77583654535e-32 0.0117247584321 0.0394768238559 3.05778290215e-56 1.22892169778e-125 2.80528943959e-116 0.0 0.0272490596557 0.0 
4.67782978714e-34 1.95909452247e-06 2.7028226146e-13 0.0101271155061 6.21093724603e-21 5.59779097834e-34 2.005879562e-27 3.39748635644e-35 0.00254819066054 1.17651349858e-64 9.1967199812e-29 0.198310613023 1.4407989548e-18 0.705568293328 0.000949710639827 1.82002108397e-13 5.69879692316e-43 0.0623851051571 7.5768557227e-10 1.13716555783e-17 2.15679713158e-48 2.76773769467e-40 0.0201089692841 4.88874136728e-11 4.24992375424e-08 2.41690107766e-34 
1.69193495874e-47 5.92157552288e-10 1.59728980045e-06 0.234488277092 4.80471760918e-43 1.43135177378e-08 2.83854289587e-10 0.00521066451968 3.52261676135e-35 0.0116723296785 6.14044042028e-05 0.0817605574275 0.00235939706654 5.10759956817e-05 1.49061368158e-52 0.0369359914572 1.56922814161e-55 0.000999309996539 2.63745821943e-05 8.23216802862e-05 6.90367505638e-40 0.62622718042 4.87710097619e-16 0.000123031404129 2.32939807863e-11 4.71773016274e-07 
7.11617154114e-22 1.48886553178e-27 1.38585965582e-21 5.86084833551e-22 1.05170639141e-34 2.52533975652e-53 2.21351863243e-55 2.2078072131e-104 8.54697051132e-20 1.23506791452e-83 3.2387326233e-55 4.46158487116e-23 6.59492826911e-43 0.985469939129 4.18834264113e-35 3.06897711436e-20 6.83665515932e-15 3.37455702084e-31 1.6211379703e-28 1.67658976441e-31 8.8420341825e-50 9.43748382307e-57 1.6389547439e-54 0.0145300608705 9.28999926656e-34 2.50881057309e-36 
2.93461641336e-31 1.98213010842e-29 1.74460775751e-08 1.02804474994e-22 3.34659841281e-16 4.1642700006e-26 6.73196575953e-23 2.01143573688e-09 9.03495340628e-25 0.0169293937511 2.14547735942e-27 0.934355598777 2.65093886878e-13 3.36437803337e-23 1.77245844984e-21 2.20754809909e-16 1.93678893701e-46 0.0399425679921 1.39344577299e-06 1.19140768272e-16 7.81622794234e-29 7.89952505099e-10 0.00877102403064 2.42090624359e-26 1.75535902092e-09 1.99403977405e-51 
8.84660169908e-11 5.8050288185e-96 1.30656725768e-28 2.06529269495e-27 2.8101308488e-06 1.33629594689e-30 2.89165882042e-45 6.7698100578e-15 0.563781224341 2.72726309075e-66 0.0536212331466 9.87168956554e-24 6.23086444981e-30 2.0499829524e-39 1.87326495775e-13 1.78262501921e-33 3.73275441043e-71 1.18154324108e-35 4.1607408303e-07 4.12202943708e-14 0.0922919767433 2.09295021069e-27 7.46715460139e-51 2.08464945851e-90 0.290302339475 1.13398027149e-230 
0.0585731122417 3.42111943111e-51 1.80073539866e-42 1.14651079847e-48 7.60187878284e-06 1.25323778934e-50 1.45696621394e-64 2.27499197099e-48 0.919865651397 4.24417478523e-135 2.77019805623e-46 1.99377130066e-45 1.33787494476e-58 2.93948882629e-48 0.000969285243638 4.19474854281e-22 9.41754669356e-48 1.02525886736e-35 7.71697754648e-19 1.85983203977e-43 0.00119357064336 3.0097955149e-65 1.55443672978e-64 2.06861469186e-82 0.0193907785955 2.3846275927e-228 
2.34678718741e-40 2.48459509547e-46 6.51936584582e-21 0.325751146347 4.11736624225e-13 5.15557988652e-18 2.67251573422e-14 1.03776522875e-37 5.43982043115e-13 9.95013225887e-58 0.151810295556 0.0365392130134 0.0441856487778 0.136804511865 7.12928045382e-62 6.70613282079e-09 3.03827494834e-45 6.59649440111e-14 0.00014246849515 0.107063384853 1.21403656488e-25 8.97261026603e-10 1.80165426544e-26 1.68892439502e-36 0.197703323487 1.13358745553e-26 
7.09934909025e-27 2.31084025443e-28 1.78146171942e-21 0.29387596775 0.00287774616158 3.52341760329e-09 0.000596315099159 3.24428615399e-46 3.14197462376e-12 2.11827779237e-103 9.11863423719e-32 0.136757518704 3.12716143529e-09 1.6647048771e-05 0.00487373456921 1.39802250065e-26 2.49756613606e-39 0.480254598676 0.0562204839775 0.0110732797123 6.05711427026e-55 3.8587526508e-31 3.31525139036e-12 3.47446729612e-12 0.0134537016417 3.6177096225e-73 
2.72790272117e-19 1.00621991823e-29 6.54324591241e-19 2.35381002065e-19 4.806615025e-17 2.57178709211e-20 1.72320659159e-25 1.73790264949e-17 1.28404935163e-18 3.9248358779e-52 1.94815491059e-22 1.089661718e-17 1.02385392445e-24 1.77205270617e-15 1.20383681952e-16 1.16537535013e-17 3.61233205076e-68 3.32638211304e-18 0.999999998759 7.46749411008e-10 8.57054965681e-28 1.48035007395e-29 3.95580558328e-21 2.1134724414e-15 4.94546754375e-10 7.13549094699e-67 
5.43934411311e-07 2.02014353951e-67 7.19051905319e-62 6.46631413615e-34 0.909755747102 6.47923971089e-53 2.13415464647e-62 5.43477395261e-45 5.09087767957e-08 1.42430118236e-86 1.2316843248e-31 2.81543992682e-42 4.37855209171e-35 9.49524449582e-44 0.0598603656148 3.72401679026e-28 1.29275186514e-41 1.41948638308e-32 6.50686116409e-25 3.0915752475e-36 0.0282386439832 4.26918586585e-36 7.97590445215e-49 2.61466193251e-80 0.00214464845734 5.60413332969e-110 
7.09868923525e-43 8.27714813184e-11 4.44966917171e-17 1.39975558213e-06 5.41661477912e-20 1.45947655858e-12 8.07044574597e-15 4.33026119626e-27 1.06559853155e-08 3.15892957229e-18 0.000538691103998 4.37191600251e-05 0.556485178334 1.4482817792e-06 4.68779561979e-38 0.0209076315026 8.89514317026e-73 0.00148794419116 0.400622944349 0.00960785637136 2.3803061853e-41 7.78262544314e-19 1.51979783065e-13 2.92325843733e-08 0.010303146978 1.14993313354e-31 
9.01170908145e-37 0.000648451794951 5.00744138403e-21 2.34818493133e-18 9.27479960493e-18 0.193870139928 4.03023096984e-32 1.81922898723e-10 4.22384970294e-23 6.68608802927e-15 4.63827182361e-24 7.3660204182e-10 0.425771850171 0.0552261444583 1.22645608488e-26 0.241278290696 2.46966886259e-62 0.0550142348145 2.91728010755e-14 3.11776168426e-10 2.82885036688e-14 3.60770166387e-27 0.028190728899 1.42516042492e-14 1.5800791048e-07 5.61933192613e-49 
0.00412061754319 1.54267487339e-95 3.27423345873e-22 2.59096797886e-68 0.425266996267 6.4121090327e-74 6.94054426448e-83 1.38420730193e-22 1.87991518077e-07 4.47188988324e-96 2.72960663761e-77 7.62979903308e-34 8.06744485203e-81 1.04662366131e-58 0.546038110146 1.41805834829e-29 1.50083461972e-107 5.66731654678e-32 1.74226785762e-17 1.4620898951e-49 0.0129814822986 1.1356454802e-21 1.12197106734e-47 3.01233905823e-86 0.0115926057532 1.55276715334e-201 
2.21538519244e-29 3.12323463051e-26 7.63473015437e-26 6.15248183284e-18 1.51342192145e-14 4.29152392917e-44 0.999999999945 1.93683065893e-75 1.65019157672e-23 7.75270337994e-78 6.28179906568e-19 4.03259977448e-22 5.63680672865e-29 1.70849765683e-13 9.67996906167e-45 2.00221708918e-23 2.4066490021e-54 2.83876996597e-32 3.09676152137e-22 5.43256495851e-11 4.04183834953e-18 1.90322630976e-51 1.14530387819e-47 8.64732023222e-33 2.84921076894e-29 2.24848267744e-78 
9.88448158563e-08 0.0634595110866 0.0340825671546 0.000150354890344 5.11445566779e-11 0.049036585042 0.0799721895208 1.06238573615e-21 5.38671356936e-20 0.00584466659948 1.28246116613e-39 5.22836579222e-14 0.00244348105104 1.21110161805e-13 1.94201286038e-10 0.534894482244 4.37926894011e-48 4.2692411388e-10 3.01176981644e-11 0.146363324725 1.75113541888e-43 1.17067356257e-14 0.0837527381288 3.43052162094e-54 9.40240436059e-12 1.76050701774e-124 
1.39847436316e-20 7.5424143747e-29 1.19637731211e-13 1.92795893291e-22 5.03142993492e-06 2.22506143939e-27 1.70418393383e-31 0.914512981893 2.15931249432e-24 5.01071542065e-26 1.38010556e-09 0.02939181444 1.38837972076e-19 4.87919093184e-29 1.37788220348e-15 5.93440036403e-20 2.52919058297e-62 0.00529647879763 1.73483329148e-11 6.89920263636e-10 7.75791683062e-24 1.64577415629e-09 0.050793689702 4.86951684779e-82 4.54658102738e-12 3.45399584297e-128 
1.39819775808e-20 1.60137652413e-10 0.0561059451868 1.09645168462e-11 9.2326940048e-09 0.01121687487 7.07736479599e-14 3.34755294836e-22 1.34006279255e-29 0.0259026154531 7.95337971616e-13 1.36813606904e-13 1.00591048185e-12 0.00276294432985 3.29693896765e-23 0.0769833456379 0.145022700061 8.87506804942e-10 0.681559527902 0.000446036260438 1.53876459848e-47 1.3768772336e-12 2.55628089561e-24 1.33494670514e-38 3.9362151212e-12 2.24551025034e-64 
2.46824013931e-29 0.0529495660572 8.42821086694e-09 7.02888577155e-14 1.3192267173e-17 3.14072003409e-22 3.96007296782e-21 1.61562451218e-41 1.90809428418e-44 1.45363687118e-31 1.76474275723e-13 3.16709527924e-07 0.00352391741779 0.539853999276 3.23414285801e-29 0.00511023752532 4.89470582672e-45 5.50833522018e-08 0.158160384643 7.6562112574e-10 1.40818745414e-54 6.37607992382e-21 1.14142953713e-21 0.0893532205351 0.107761394807 0.0432868987511 
0.842679232214 5.15058756255e-65 2.72859882931e-31 8.01753938365e-57 1.00263380444e-05 3.71354169012e-46 1.54743049114e-73 4.98895246745e-27 2.88373829929e-09 8.66623979888e-107 6.26741187577e-37 8.46798646483e-43 3.48932835078e-59 9.58894345864e-60 0.0730312595892 1.55448836311e-26 6.27620544306e-62 6.17150063286e-34 2.55567181335e-22 6.60385016501e-41 0.0842742262218 5.35304140957e-27 1.29239212734e-62 6.17799695665e-78 5.25275359476e-06 1.41180145941e-170 
1.29840404616e-42 0.100859058513 1.19056070476e-16 0.172444791466 1.03579860525e-28 5.03537322197e-07 0.0245146068893 2.61689639913e-05 4.42355553468e-42 8.73790956241e-16 0.0276336190629 0.0708519462038 0.0636628275647 0.0601387760959 2.09283032084e-48 4.64530114375e-13 1.51694921786e-45 0.343267675782 0.0792485460989 0.0311856696332 3.89589713711e-96 7.06794939384e-11 0.0100801628398 9.64229806063e-29 0.0160856472777 2.18339623885e-22 
4.583105314e-21 6.79056917643e-13 0.00136475338893 0.00847240359423 3.90165894827e-05 5.68880803766e-33 3.12770654996e-21 7.00678095958e-55 7.07877571253e-14 1.76917260372e-75 0.0142301659894 4.39980259964e-06 6.10829882774e-14 2.80781810069e-05 0.0439796323248 6.35285196277e-07 1.46706997917e-53 0.931880253883 1.06677070345e-07 8.67348524334e-12 1.34495763284e-34 3.33212359327e-35 3.04691171866e-08 1.07743141598e-07 4.16062904475e-07 2.08660887239e-50 
0.999994755108 4.35995968672e-34 7.7793613231e-31 5.13485953097e-23 5.2438154825e-06 1.57226699584e-23 3.03356287735e-44 2.70470731501e-32 3.55890367315e-13 4.30597604764e-83 1.5980897662e-14 9.10470606773e-35 2.10354401062e-37 4.23259190314e-39 1.07628389057e-09 5.79419730159e-26 1.79492548839e-37 1.70466037484e-47 1.44340487122e-18 3.62610744723e-23 4.26662116039e-16 1.88573362423e-46 2.70431078788e-48 1.05204000933e-50 2.01621445034e-21 6.2344025498e-140 
0.203101115813 1.84397457297e-47 2.7125088185e-46 1.34833856956e-56 0.0488609870368 8.72270613765e-41 3.50515089334e-72 1.4045539132e-22 2.05731838799e-09 4.7862690729e-49 4.16227766383e-36 4.60654281058e-58 8.51823096182e-52 6.14933558351e-41 0.747769520731 1.08980039518e-27 3.65714791918e-39 2.56996748065e-33 1.29251948078e-28 5.9307045805e-23 1.59293342496e-05 9.34532683756e-35 1.02383732852e-70 2.9550553329e-101 0.000252445027555 3.08625065657e-234 
3.15566114876e-30 3.71203352496e-07 0.540762077697 1.00975915627e-06 1.05614189674e-16 1.59890912717e-17 2.566408231e-14 9.36419703748e-44 3.44557795671e-32 4.37695946204e-28 1.27829663834e-10 2.71774667241e-05 2.62129751065e-12 1.77534321704e-07 1.46989534217e-37 1.8119568334e-05 1.57490690968e-51 6.97717957237e-10 0.00370091785669 0.455490148066 7.17055846017e-26 7.05123946679e-15 7.04722778798e-15 1.98687076202e-11 2.60444230519e-13 1.52943004638e-14 
