# The number of letters
26
# The number of states
45
# The initial transitions
1.39520047982e-16
9.15387976972e-125
0.0268355893198
0.0845932172338
0.00403150318854
0.024090675125
8.11645808884e-37
1.47580376804e-05
3.52332679839e-41
0.141993312873
0.00816802516854
6.55945614122e-06
0.0249884877581
2.33655878299e-14
0.00264693350211
2.38270121526e-10
6.05286657722e-40
0.0314105888925
0.0151472748747
8.72282916342e-32
4.47234401248e-11
1.90423987018e-23
4.8981291049e-06
2.38025117582e-11
0.00324369723378
6.56612784272e-21
1.08806150556e-14
0.0363359227704
2.86866820401e-10
0.0452867228347
0.119783582284
1.20844402998e-07
0.0438531052417
0.00429051221838
0.201639610972
0.0279646236154
0.00425770210519
1.69474538009e-07
6.23730541811e-07
0.136650582951
4.36018182124e-15
1.1441872013e-08
3.60304428895e-10
0.00943481443378
0.00332637333496
# The internal transitions
9.36465055655e-27 5.35476191802e-110 2.05637560786e-08 1.38513846347e-24 1.84000868706e-11 1.79740928439e-24 5.42844151443e-54 0.105244854166 1.26352378426e-101 0.0745719682965 0.121216143413 3.01397446878e-22 6.80239263952e-31 2.51138193996e-16 7.33233822918e-17 7.33018622279e-35 1.40030073924e-63 1.0498661491e-91 1.62582586587e-27 6.00108992311e-41 1.11819335926e-61 8.7121982288e-53 4.32336031886e-20 2.68158574426e-77 0.256989304 4.34332228352e-09 1.01290813842e-165 1.50096616233e-41 5.99958436378e-34 1.15180872499e-05 6.72399530305e-47 9.92874425457e-11 4.00743031692e-15 7.97154706792e-08 9.07041567783e-20 8.57616657872e-44 2.49712014298e-12 5.38686044114e-21 5.2329892265e-28 0.0512527082593 1.88965064416e-11 0.390713399016 2.96484328684e-79 8.86553073867e-32 1.75559075807e-34 
1.75581439344e-10 1.94489674608e-40 8.25393802064e-38 0.0161490300735 8.34727368493e-28 7.46738092275e-05 1.54127667605e-89 0.0287725169058 2.70474914122e-64 6.76807585638e-15 1.89367887259e-14 9.26141049946e-24 3.88372148718e-15 1.23191290173e-35 5.39864959866e-41 1.08956038272e-46 7.94196397307e-42 3.02267828372e-28 7.77955851759e-53 1.19265338965e-41 1.15242048691e-14 9.33104612287e-38 9.5659309897e-48 1.47741916327e-12 2.6203927141e-62 8.50063544328e-48 2.5856512097e-133 4.07139607783e-32 1.31990645814e-15 5.64759674488e-30 2.83633162512e-22 0.0272608344842 2.10238866911e-25 9.52188629627e-22 2.86166380786e-11 2.21164318863e-06 2.13535167515e-20 6.44833474894e-55 8.55155095187e-34 0.0435920785279 1.96818181685e-07 2.10961374764e-29 4.87314605417e-06 0.884143584386 1.27418771231e-85 
2.32561183133e-13 0.117500406438 3.89257378195e-188 2.86161835517e-11 9.08637534315e-14 7.554946444e-33 6.48175245964e-11 4.13477643679e-19 4.56333788143e-10 1.60315151853e-30 7.99997834634e-25 9.41269372524e-09 2.27734119535e-92 2.92872610702e-166 3.2797246078e-109 4.91657030812e-84 0.0508928168998 0.0544488992011 0.176881169667 2.23520802889e-09 3.87881310871e-27 2.85118028536e-11 3.17164079106e-116 0.141481481906 1.7949705879e-141 1.36566284756e-164 8.17207082439e-95 3.09056767594e-08 0.113455655949 2.1614004909e-78 0.120766086089 1.29608146379e-16 4.22443477108e-65 7.71228511524e-52 0.00019632560851 0.109057812577 2.30656718554e-40 1.89439129231e-101 3.51959355429e-79 1.7830883465e-38 1.31449966955e-88 2.03688973223e-44 6.18758466097e-82 0.115319302532 1.46923264035e-143 
4.43718418997e-88 3.67913914316e-41 0.107865708556 2.45894001546e-75 1.29295148903e-82 6.28053393142e-55 5.26396927218e-60 4.85579234394e-30 4.40048762098e-117 9.24818683217e-91 5.02503490747e-123 1.02471311825e-33 4.87610884267e-07 0.000218387637643 9.22056482928e-10 0.0259752862549 1.02815558885e-34 9.75913393791e-49 1.31774372297e-24 1.9093767189e-107 3.59291406739e-104 8.58869233844e-55 0.000165445059743 1.84146899619e-56 0.00679647123843 0.00494327613685 4.54923579985e-100 4.57799365349e-82 2.42196816683e-100 0.125771077136 9.605162357e-33 2.98246820726e-81 0.0193156169069 0.117135397103 7.00763372452e-40 4.04439189296e-46 0.0818982761109 0.0901586036994 5.96036731305e-37 1.61621453707e-43 0.0235379730784 0.396195073514 5.4219680587e-87 6.10872453845e-109 2.29190355889e-05 
4.53370894684e-14 1.53010269085e-113 3.57702792036e-05 2.43234118705e-42 2.74700787401e-06 4.55196993458e-13 2.25641784154e-66 0.00361058659517 1.53206373642e-94 6.85176400328e-35 1.02370780246e-55 0.0767791609627 0.720348350162 1.9349904006e-06 2.57828138675e-07 8.19078226035e-09 5.06674164116e-81 4.15636865536e-27 2.16807850975e-37 1.12144760131e-69 3.05439892586e-36 1.5238148013e-61 0.0248489990364 7.63644882847e-93 7.230529364e-07 0.000830455387546 4.14541671529e-39 3.01691337918e-29 8.73280966922e-30 2.13288335709e-16 8.49908649526e-33 0.0927162581464 6.01989794032e-18 5.5639392019e-17 2.71169040476e-13 2.04948725354e-11 6.29795797783e-16 1.64651069368e-22 9.99697361199e-14 8.11502993307e-69 7.32051136576e-13 0.0771593018477 6.04627786683e-22 1.10068130103e-40 0.00366544649033 
1.68745807312e-27 1.5641970671e-25 2.96108041474e-14 3.47759152999e-31 7.00719923648e-28 1.75529681397e-41 3.93779525543e-25 6.02577463921e-05 6.73588264973e-39 1.00822014378e-46 3.32572079097e-43 1.36208204326e-06 0.000185612988452 1.13779138824e-15 7.03965533131e-14 4.99469600953e-08 4.77606053503e-16 1.67048199421e-27 0.898114275648 1.7716771973e-59 2.56151250977e-54 5.6404859969e-26 8.01208462415e-20 4.56661998646e-36 0.0237218857955 0.0729049269356 3.25873542495e-108 0.00501160238561 7.49608201854e-44 3.83328425193e-10 6.09417890913e-18 4.06941560403e-29 7.11701345028e-16 4.67382450031e-10 7.7038297714e-13 3.77971544359e-18 6.47566170792e-19 1.89679511739e-18 1.70727631051e-41 1.42317114904e-47 4.6372728616e-16 2.56145559925e-08 6.37640711993e-37 1.83558525341e-56 5.37080923836e-12 
0.0968887858115 1.03892210771e-24 9.89003883188e-17 0.0370463394741 0.12301388148 3.20805237972e-17 2.73628322022e-16 0.0703052678471 6.46167511932e-27 5.5866605063e-05 0.0422920253646 0.058872421558 0.0045364921442 1.98632201332e-09 0.0571813733015 1.144081621e-23 1.34314010468e-22 2.05142851105e-35 0.0483804222427 0.00501523316334 0.014569999278 5.42112701393e-09 9.24849942365e-15 1.54840068597e-14 3.82649205216e-11 1.01237221149e-10 3.79369378213e-57 3.75134073021e-44 0.0377809166156 0.0739538055884 1.98636337268e-12 3.15150574081e-07 3.33194468912e-10 0.0821415606487 3.53157962548e-09 9.54310129308e-07 9.84788375501e-09 1.97207726533e-14 0.23079545595 2.77548276667e-19 3.77719961149e-05 0.00126462026222 4.45387232633e-09 0.0158664654932 1.41732107213e-28 
2.05309236075e-11 6.25390535611e-108 2.23500901197e-20 8.90612090713e-10 8.89365718707e-21 5.66630324087e-31 1.3543673122e-49 1.77395343995e-12 1.14612521918e-45 2.36155611239e-13 5.84011069188e-13 3.62476808149e-36 5.34500697961e-16 2.3592533195e-05 0.0873440248165 4.02026754864e-15 1.2295838055e-84 3.20027721389e-34 2.40611093413e-22 1.15857598242e-29 1.19000699721e-59 4.33196031821e-37 2.01500269765e-18 5.18233186214e-69 0.598167043962 1.468864501e-23 1.91550436882e-42 0.0456420870125 1.25270323184e-27 3.40070298857e-06 9.45571013495e-40 7.07848936402e-18 6.02927257875e-05 0.242169849453 0.00528208297079 9.70089760107e-34 6.80070339175e-15 2.24902867325e-10 4.64074424992e-44 0.0213075739984 5.06855228893e-08 1.48385050455e-13 1.32243280121e-50 4.17149625014e-34 8.04980938709e-31 
0.0147402655031 4.75973853237e-98 2.85231450114e-39 9.0245530383e-05 5.5517476241e-15 0.0687437046808 9.62306824088e-37 0.000265891644689 0.0226667431505 2.47493236737e-12 0.0481887411013 0.705674071572 6.69178559469e-31 0.00155927313699 6.59240742174e-27 2.52652889725e-29 1.07469217305e-65 2.95001540858e-24 1.104411551e-32 0.0386388305033 1.06881978139e-40 1.05734856523e-28 3.86975136714e-35 3.22574996148e-86 1.38929128473e-16 1.37360954862e-48 0.00046023292512 0.0733776654343 0.0252891780159 3.07622394596e-16 7.80562582385e-26 8.8856927569e-09 3.28472325715e-23 8.15062263946e-11 3.87174977171e-10 1.06597603366e-11 8.3931605445e-22 1.16232050709e-39 5.52207446665e-24 3.33801061012e-13 5.52417053557e-12 2.38080561068e-27 0.000305122005252 2.54229134356e-08 3.27427684321e-57 
1.7739332841e-18 3.42706008872e-66 0.0886532049976 1.27298836657e-15 1.02296837616e-12 0.0317113914539 3.39444650306e-53 0.00630855834583 4.58409055038e-65 1.13438110353e-54 1.59406983784e-106 0.0566833197832 2.30569852315e-05 2.96085745758e-06 7.10094590758e-22 0.00746388802212 2.79759780904e-48 3.58270154189e-30 3.83109805346e-23 2.49525191878e-44 3.63192614452e-24 2.50716520998e-53 3.38919883952e-25 6.40858930733e-71 0.0315944837415 1.76806002908e-17 0.039823597139 0.137560420248 7.44304236487e-62 0.021514281153 0.0500482093138 0.190558266002 0.000648490404565 0.00105042139249 8.00683755822e-07 0.0254664374706 0.0584068480549 4.65507043015e-10 1.49841986315e-23 7.66751259334e-48 0.235784785792 3.15059909178e-09 0.000350967990586 9.21725438998e-33 0.0163456065506 
5.7842406025e-15 2.47485163913e-120 9.69503622696e-14 2.7919683643e-35 0.282084544677 6.93719490591e-22 1.22205868426e-97 0.015442100165 1.50237069027e-84 1.00191721086e-14 7.47885364725e-30 6.76338622873e-25 9.36565256963e-21 2.49803184996e-29 4.98226112397e-16 6.1385200996e-33 6.0540680689e-85 2.35724516144e-41 4.95206818414e-49 5.53925506944e-71 6.0857161355e-31 7.56345651877e-86 1.47543523953e-07 5.13846436691e-91 0.0250937781481 6.82170178391e-18 2.99582240859e-52 3.71596431412e-27 2.68139594968e-15 4.34243236019e-08 2.68296789918e-11 0.00759281508147 6.2719205619e-08 8.02646678255e-06 1.72718962822e-17 8.10561740698e-39 0.0550044693636 6.22014463946e-11 1.04914491634e-06 6.46660868315e-65 0.0610884135928 0.0101766671272 0.543507882457 3.62877548619e-33 3.13813837453e-32 
0.0663951469432 1.44820879112e-110 2.36032206068e-07 5.03373601371e-05 5.38378840155e-08 1.52604201994e-17 2.19410458638e-30 1.1404452149e-06 6.87031571645e-62 0.0499631487187 6.8550770463e-05 1.68028550863e-40 0.0247402386772 4.17224171658e-10 0.0566380747756 1.12050964423e-19 3.47517595687e-48 3.15255662638e-21 0.0371044945545 5.43765280157e-46 3.05058175045e-52 5.23656369679e-15 1.69606282399e-39 1.07484046294e-77 4.38824936678e-13 9.27744055679e-11 3.92496073072e-96 6.80164750053e-13 1.68271289736e-22 0.159296482069 3.01106349644e-52 1.45499187668e-30 1.53474606427e-16 0.434500245159 1.56930580564e-18 6.0969226804e-15 1.72842107758e-06 1.60860733447e-25 2.10923729319e-41 0.0122660041803 1.59959412007e-05 0.158958121602 1.5645268905e-89 2.91046924275e-28 2.2228838706e-28 
1.8836873538e-06 1.97104814981e-09 1.55083514081e-161 3.58264819017e-07 7.5830194939e-09 1.49977122864e-07 0.0345662115081 0.0276141870322 0.0212150449642 3.44077632568e-11 0.0355617022523 3.16930723697e-11 1.32741379377e-93 1.087885052e-193 2.52573621978e-202 4.79715694074e-127 0.26784677774 2.99603921856e-27 0.00391747338164 0.253629384884 0.0945730153416 8.3950512828e-05 1.2031353585e-214 7.50618728628e-13 1.07617568951e-215 4.86859821208e-123 0.0190443715597 0.0404151976461 0.118656106537 8.57582938746e-71 4.30239676781e-07 1.12333121351e-05 9.8544858684e-128 2.57608962749e-54 0.000105019494629 2.34315702854e-05 2.13224759382e-163 6.2628546527e-178 1.00599491845e-27 3.1063452732e-21 3.30312323024e-152 9.12637382696e-50 0.0827340602921 1.81354637834e-10 5.69874356616e-69 
1.36329914674e-10 1.93278816168e-19 3.09022467234e-153 5.06307872908e-17 0.104350340366 0.0662391455943 4.89696723469e-11 2.87774300019e-11 2.03725024241e-14 5.05806051459e-07 0.224369984782 5.5138009373e-11 8.21452123841e-143 1.86986743662e-144 2.12493902371e-80 4.59135412894e-122 9.25515446599e-07 4.89063763595e-25 4.14204784715e-12 4.42639366682e-17 7.02920458948e-18 3.53878779193e-16 1.30884109808e-54 2.96298101026e-18 1.0828155154e-116 5.48887333943e-174 4.62589198615e-32 0.117801843554 0.0316112311849 2.97734656775e-44 1.7754796812e-12 0.0668554077138 2.62278688788e-29 1.25228496194e-14 1.0637964062e-11 0.240308550386 0.051739540374 7.34828830409e-59 2.21548330535e-34 1.39862828282e-15 5.18753948896e-61 1.77533089691e-12 2.66922197934e-26 0.0967225244363 2.02859987964e-87 
5.37548936161e-16 6.27997574413e-11 2.45766260396e-205 2.18260205852e-09 2.24046951598e-17 0.036218258972 1.21412976647e-11 2.41160269742e-14 1.84161481365e-11 7.11720724617e-19 1.00632518749e-12 2.98087999344e-19 1.28022569843e-99 1.65877195448e-197 4.79268764071e-140 1.56246023538e-100 2.38817512969e-08 0.0262247922613 7.32059088006e-12 0.567877931536 7.45872415199e-38 1.98143516855e-15 9.58493805894e-104 3.02459877244e-27 1.0112240178e-115 1.63907950381e-163 1.62654642584e-91 2.38595281989e-26 0.211318172494 5.5620725775e-104 1.11469556002e-24 0.158360818532 2.03784576949e-83 3.26573030347e-80 3.85814329451e-11 4.51373144764e-24 2.71139405783e-58 5.53288125442e-73 7.77625769572e-18 1.3387950817e-16 2.03255005964e-119 2.3470014753e-73 1.6312053846e-27 6.25827095233e-18 5.75537056691e-188 
0.1927344359 3.47197373488e-22 3.32566009442e-160 9.41345270545e-10 1.42318844119e-24 0.180420159843 0.0421748082143 0.00647562753629 0.0124349421508 4.50336608571e-22 7.03401735787e-09 0.125336281563 3.23919391319e-114 7.57548147906e-250 1.70042520697e-210 3.93589895106e-165 4.23568831462e-20 0.106496805569 0.0180524871655 1.90430074464e-08 0.0165666079213 0.0923849012156 4.24322615832e-199 1.06541205151e-06 3.15927465873e-114 3.58523325058e-131 0.105210209313 1.19631764162e-10 2.41267529185e-12 4.23894471289e-41 4.55636270971e-05 3.56202602785e-10 1.06807499909e-43 1.02189636671e-23 1.48267828292e-09 0.0639096307237 3.04565593599e-128 1.13449611448e-113 1.77619589701e-29 0.0368768801956 4.93988600695e-112 3.30872494737e-36 1.05682850692e-08 0.0008795541019 2.76171797498e-69 
0.0655548176084 2.30637347094e-42 7.89580178585e-61 3.2093785091e-07 1.9727669812e-15 0.0822191027816 4.11747778932e-75 0.0466005858034 5.24672490161e-47 0.0921692313478 0.124429640135 5.71146516135e-14 0.0520938411006 1.66745881654e-49 5.13795527743e-52 1.15770747734e-36 6.20526986392e-38 5.88272656856e-20 1.11352747164e-40 1.98224194072e-50 6.05075062807e-17 3.51820283864e-39 1.06158045144e-06 1.20895649096e-13 2.45523235025e-09 1.78702263402e-23 3.08109761244e-134 4.94405122577e-19 1.79000818906e-08 9.54656512891e-23 8.21171221317e-36 0.045873637603 0.00955572086363 3.0734502782e-15 2.74527196336e-06 0.474988960369 1.80056035107e-08 1.00434989857e-13 5.83072953486e-21 7.09651476632e-09 0.00185801535197 1.93018997721e-38 2.20922777716e-24 0.00465227378793 5.32046019369e-61 
7.47561510901e-22 7.07727819154e-19 1.70274097085e-08 4.88473326486e-37 1.27475069908e-48 8.0870561632e-44 1.38718003307e-21 0.432194958429 6.44585085196e-56 1.23528484744e-47 3.90363011046e-46 5.4540509927e-14 5.90943804409e-21 6.55068924467e-15 8.93832231091e-24 1.77850541881e-09 2.42622951073e-30 3.74594562915e-33 0.449748237616 1.66513498471e-59 8.01845004159e-13 1.05988825104e-34 1.26362192164e-17 9.84002689559e-54 3.26720428463e-35 1.2464798687e-15 0.118052471469 3.53882946514e-18 1.5020735638e-47 1.05765122793e-16 8.22851383628e-24 1.39301826301e-14 3.36056468591e-22 5.02537156268e-11 7.51844831945e-13 3.05384544172e-34 1.11181068776e-23 5.75426276085e-23 1.03988000568e-57 2.35486032564e-47 3.46251401746e-09 4.31016135594e-06 2.87844201596e-110 2.11876022342e-81 4.58937432453e-12 
1.71482647209e-37 9.53509632775e-57 1.07375132112e-08 4.82862306655e-37 1.49284565555e-28 7.44620434003e-44 1.2494297908e-81 2.37169331264e-27 6.24099424212e-54 2.12134462868e-32 1.09871829991e-20 5.5422714026e-49 0.0156695762434 0.141235486577 2.59416628035e-09 0.150646751132 2.93635913392e-52 4.66111386371e-47 2.01346589867e-60 1.87572837894e-66 3.05573622933e-55 9.23274081471e-71 0.0197500451807 2.60498803321e-43 0.0983408323011 2.45398724958e-16 1.39037547348e-84 1.3994215843e-69 1.92924688944e-45 1.56910290035e-05 7.27760496888e-57 2.11455257102e-47 0.19639658885 3.07565966286e-06 1.05025183238e-46 2.41725861648e-24 0.0136356501467 1.19388822839e-12 2.02623775437e-18 3.04237676622e-46 0.364301715777 3.75688924348e-06 4.45169333319e-38 7.80953208121e-47 8.16880611828e-07 
0.0556855551673 1.40339936491e-26 1.30905564114e-10 0.463566309416 1.09892804517e-31 0.0193221908418 4.71371867824e-60 0.0416475890161 1.75766926443e-76 6.4349818616e-14 9.85531126517e-32 9.12356957407e-54 3.0587878498e-13 3.18439701386e-22 2.91182302224e-34 0.102210969942 4.17285615628e-17 1.20454007041e-23 0.100301265155 7.30194355007e-29 6.73518821168e-44 2.41120374737e-39 0.0268239533734 1.16302180899e-21 3.40548436737e-17 0.0192518338888 0.0330093644724 2.04012945801e-47 0.0219384279372 5.01320440217e-12 1.76706702704e-14 1.57072902905e-10 3.23032148912e-24 0.0261130496633 6.02851545798e-09 1.21752663725e-06 0.00857524540865 0.0271951200199 1.53809520727e-29 0.0367537146861 0.00288952777651 0.0147146593874 2.12783118261e-27 4.87618792867e-52 8.23777327762e-21 
6.35215053863e-11 1.31499132233e-94 2.22561687692e-19 3.32236268217e-16 5.98643012592e-08 3.29136100074e-20 8.10914756537e-64 2.63494080444e-22 1.48417118384e-68 0.00151476347729 0.0719774358737 1.14197277669e-63 0.745656253945 4.60712517123e-14 4.11459445934e-11 2.15500693109e-13 6.41800171676e-16 1.10946890455e-77 3.35536663282e-15 4.64457295565e-33 6.48180000856e-31 6.2365968881e-46 8.83813618662e-36 3.1090752399e-25 2.13544051938e-35 1.41717714258e-15 8.876639756e-70 8.69381220788e-23 0.119204653465 1.94800425899e-17 1.0552667852e-32 0.0118802504102 1.23732690989e-34 2.69438864679e-17 0.0442373051752 0.00552871572361 7.43631634998e-29 4.02973473445e-38 1.02197652856e-41 3.22097120951e-32 8.26609836061e-18 5.61960504489e-07 8.22268616382e-85 2.43682727708e-15 9.93777576295e-36 
0.0115598885293 2.60620955557e-19 3.17158523652e-05 0.164662457833 2.47726934278e-10 0.000136427598581 1.46594280278e-44 1.88452284946e-06 0.0855605921256 1.83853181346e-08 0.0558892367877 0.00260034924214 7.79040275045e-45 2.77825943227e-09 0.149879461848 4.71483317617e-58 1.14396998389e-12 1.51706033324e-34 6.99054893172e-30 2.95040058242e-34 3.3588414751e-19 3.46312447139e-34 1.47864695477e-11 0.0166660653577 4.02807988469e-10 1.16237228329e-07 1.06487721255e-89 3.40475204997e-56 3.39680063522e-06 0.0445661362302 4.82988170795e-20 0.0597342938858 0.000166986400188 0.159424219248 3.50099100097e-14 0.143858107676 5.10833752961e-08 2.81230251695e-11 0.0182702589031 0.0345968834938 7.54106416327e-06 0.000151760412447 0.0522321465568 4.52565303792e-10 4.8084252811e-47 
0.206639242919 1.08976672058e-07 3.10129925043e-87 1.78062587158e-32 3.87477758935e-29 0.0537413065973 1.60689705344e-08 3.43670895839e-20 0.380692673476 1.51821544802e-07 5.54210784509e-06 1.45810120532e-23 2.69989687976e-07 2.68345261003e-31 1.13375301473e-58 0.0256294081982 4.0628600099e-06 2.26307005788e-24 1.42194602635e-33 0.0162638481358 2.8344621712e-11 0.0580184043539 1.33935939143e-41 1.33577181228e-17 2.04422061264e-78 1.92114260654e-69 1.78253908882e-95 0.0506866195251 0.000416154996881 1.01620568398e-09 4.62586039441e-25 1.87102322389e-07 1.89444056764e-23 0.00312123631365 1.20173132924e-16 0.000719318654247 6.42449524703e-11 1.82250252678e-65 0.184569455898 9.00310001567e-34 0.00509611937948 9.38770294989e-27 2.71306213894e-07 0.00705854496274 0.00733705524731 
7.41252969235e-44 4.86103356403e-88 7.86124978559e-23 2.74803995736e-11 5.64599257227e-34 0.165878618294 6.66684271351e-127 1.67938485826e-08 3.19091835346e-147 2.10038239333e-22 4.14324935502e-21 1.99671000754e-47 1.29430358381e-29 7.18736078029e-32 0.249080170473 8.19199785391e-65 2.10431220114e-54 3.51154195594e-38 1.78232754253e-38 1.81563482675e-69 1.18426276185e-42 4.14769573341e-61 1.95114488279e-50 6.44539744793e-24 6.08718673666e-57 1.62915423269e-37 8.65112003055e-131 1.22968543777e-80 4.21429653042e-45 2.46330714849e-08 4.52723806085e-43 2.16348821565e-37 4.2583649669e-23 3.32193860974e-05 2.56187729949e-21 0.0675940701481 0.517412566266 3.68550754256e-22 2.19751528216e-30 8.16479424103e-21 1.31081815624e-06 3.16031475404e-09 3.19041295378e-34 1.37983906226e-21 1.5072808945e-43 
3.2715722261e-08 0.160105002602 1.54390427013e-28 7.14910111076e-41 6.7657661148e-40 1.88256262446e-22 3.94845592751e-57 2.0969346578e-20 2.23233691832e-25 1.88839473642e-30 0.0163254930535 6.21167391077e-30 0.00961169393431 0.0288309534332 6.57208162929e-08 1.22760236335e-11 7.34531650745e-22 1.57408611224e-28 5.1343840964e-65 5.56887946094e-50 1.07801458004e-10 3.72797535081e-39 2.40934866193e-72 1.29262175481e-18 7.29445515708e-142 4.65445708084e-22 2.47386758592e-101 0.0125007435236 2.71139705354e-26 1.13611628578e-53 1.44149379721e-19 6.89241095586e-36 3.70158644545e-78 6.30010950209e-60 1.18154141779e-23 3.22933505651e-13 7.63583950775e-74 2.34607968452e-74 4.16586496649e-11 8.57956973533e-33 8.39031061096e-63 6.86075017687e-14 3.07161378924e-05 0.772595298717 4.62639569864e-53 
2.72480451438e-17 1.05088466238e-23 8.02461154258e-173 0.0505151118391 8.0833845224e-24 8.4305844019e-32 0.116364720055 0.00636784807492 0.287131800723 1.8316129646e-36 5.70820462917e-19 0.491940932002 1.71558856184e-181 5.80717371577e-157 6.35032847184e-113 2.5678823023e-159 1.11929994766e-21 2.03636607447e-32 2.59458221566e-11 1.16642283513e-28 1.75727054046e-39 2.76303210236e-17 1.9218877439e-58 9.49763416015e-41 3.60735454265e-48 3.94084529668e-118 3.68894356344e-99 2.07724631373e-49 6.05717173549e-11 3.16036872295e-69 3.22498652232e-22 6.40316743392e-20 4.96461652032e-75 5.48062569109e-62 4.4798275718e-08 5.16188900967e-22 4.69143767966e-49 0.0476795424215 3.00926059753e-51 3.05328885664e-17 1.46593611082e-102 9.10076921886e-50 1.28603152893e-80 1.15085621586e-35 1.50405190494e-160 
6.31484591405e-128 1.50799305645e-175 3.93416675917e-34 6.41163019834e-52 4.32402932346e-148 0.0334755463465 3.62587270836e-65 1.73043500459e-51 1.57622517644e-157 1.2831973106e-149 5.89064030381e-137 1.58329269112e-59 5.69518602854e-76 5.76434076947e-39 7.46266549398e-35 6.65674693207e-111 7.31247111968e-57 4.46515203319e-37 1.6200235804e-42 3.60812009057e-121 1.31908348589e-143 9.63121477906e-85 6.79795895601e-81 0.0716100267389 9.74612306038e-87 0.322156325329 0.354586715619 8.16267791716e-121 1.52551183341e-128 1.60061277462e-10 3.40049387145e-66 2.73300747389e-79 1.00277617995e-31 1.12992760868e-08 1.6370078271e-37 0.0267982631371 5.35642692573e-08 2.74855959842e-49 4.14714259176e-79 6.00348585839e-52 0.191373057806 1.09743065368e-13 8.68737330452e-162 8.83379309545e-109 1.77750727132e-56 
7.87020492537e-19 9.22747946026e-130 1.75802230983e-23 1.47647694417e-06 7.59312960887e-81 0.0231216755236 1.01570552471e-80 1.32586009622e-68 9.35117550534e-84 9.51279999443e-63 1.81043953892e-74 3.23385265988e-27 1.25873185544e-34 4.72747027751e-13 0.027055252985 3.13470840683e-10 6.41534505824e-105 2.78242881013e-26 7.28139644502e-07 0.0108586293044 3.74996690577e-11 2.2220169606e-36 2.2481830489e-12 4.91496234789e-81 3.06033113842e-14 2.96667379713e-20 5.46124171151e-177 1.41585179514e-57 2.44225630266e-69 0.143204621806 1.01434370817e-11 2.03924006484e-69 9.19121003456e-06 0.375023752888 3.58662250248e-28 1.76095478841e-06 5.04250139898e-13 0.163255965935 0.0190126620487 0.0123974822772 7.89566656077e-11 0.22605679997 2.14192171412e-27 7.72772636905e-16 3.62263711484e-11 
8.43835435644e-13 9.78301764554e-82 9.78890716891e-22 5.55975571998e-14 1.14859825088e-18 3.09972551519e-21 9.08497235047e-61 4.97192823203e-20 8.99113281746e-102 5.03728740258e-18 3.61209656192e-11 3.14997408504e-57 1.46668292021e-23 1.08259990639e-29 6.63415581532e-32 8.05775543433e-41 4.80400017983e-72 2.67310438799e-65 8.65688644442e-48 1.31574474813e-34 1.46490254407e-43 4.27287297837e-51 2.54613927995e-25 2.64124110498e-43 3.25707890135e-22 7.19485228396e-22 1.88141059219e-87 3.85689462976e-27 1.98374186985e-21 1.89014654838e-11 1.92181663207e-44 0.999999881143 4.23210812856e-28 4.93788446693e-11 3.17791016955e-10 9.58935272392e-24 3.32635568453e-22 1.53873615984e-40 5.46069359547e-39 1.06469851056e-30 1.67629435554e-13 1.18434056265e-07 3.48494091092e-44 1.68956625356e-24 3.39735549764e-45 
5.72403203995e-06 4.69245008667e-07 1.23953167256e-56 0.00675515929218 2.60936855019e-23 8.86439397479e-38 1.19296066105e-06 5.92156551452e-17 0.426966663719 7.76025931937e-23 5.2736730246e-26 8.30224972132e-18 7.18597587798e-11 9.07019671001e-64 7.52205361702e-73 5.60297968523e-48 0.390185860697 0.000121383566392 0.0134214865256 3.81278250359e-07 3.40424261823e-12 0.133796919358 6.57296054691e-99 1.13754883783e-15 7.50417441156e-149 0.00704902821882 4.22247128316e-26 1.84500409072e-12 0.00711059061214 2.64803487013e-41 9.25885830307e-16 0.0145760796741 1.07382335044e-74 7.69778412444e-69 2.61110998401e-15 3.99734362991e-14 1.90442746675e-91 4.66435002217e-65 9.80110201386e-26 1.04880103969e-19 1.50276186162e-129 7.92031447741e-47 9.05210693831e-06 8.63616924894e-09 1.38807277581e-138 
1.34885877662e-75 7.86221713292e-70 2.31027009557e-14 6.09257443426e-72 8.47056461261e-40 2.56429617226e-50 9.36930978141e-35 2.52923497148e-21 5.69297247438e-44 1.16004501987e-82 6.75891977767e-58 0.0396495954998 0.452140605989 6.59356652451e-14 0.026489752525 0.0807177815956 2.11541547005e-47 4.18547536355e-32 6.0048304453e-15 9.84402167579e-84 1.35352202407e-66 5.13989516917e-62 5.83328272619e-22 1.88551294673e-68 1.58173681413e-47 0.00042969426348 1.36246073333e-122 0.0206126060612 1.24883846507e-88 0.299295665557 3.09639184037e-25 2.63248659e-65 1.54505058877e-19 0.000148398252134 1.86112098153e-18 8.54934348258e-31 0.0334789560495 5.18188271646e-14 3.73367267942e-47 7.02103638302e-86 0.0167396651805 1.46432678481e-09 3.05186395045e-76 1.64709341397e-96 0.0302972775623 
2.33657446526e-55 9.66489182299e-142 0.020809094361 5.26310075278e-28 9.44318969221e-49 1.19984319375e-41 4.67620459309e-25 4.52824476984e-12 1.60489204144e-185 2.85776400433e-53 1.21587623862e-35 6.28168801901e-139 5.97782956283e-14 3.14332984658e-08 1.54813498324e-20 0.0230992405103 5.05309769549e-122 2.68622837865e-96 0.0151787065738 1.92922476634e-53 4.09525579247e-89 1.59629049951e-14 0.0108214753021 5.95633249629e-110 0.0110952259853 5.13131611312e-17 2.65072664285e-134 4.54837891877e-09 4.91370730458e-66 0.269624048342 5.0757310231e-36 1.14280257056e-45 2.63247433803e-05 0.31330988381 2.2090502036e-13 8.41151055831e-71 1.89773781145e-08 0.0236571761358 5.86013636412e-36 3.30095254681e-50 0.0697773675194 0.178777981667 1.42443994497e-107 8.40045653048e-57 0.0638234200854 
0.0044767805961 0.443107485798 1.89743489582e-127 2.02738517152e-10 1.08024625198e-28 9.82016118004e-18 6.81175626946e-24 2.19923469774e-09 0.0232545087721 7.02218793549e-22 4.16447060428e-22 1.01564370677e-22 1.28842236398e-20 1.67803061001e-91 1.06073010448e-109 1.54074398218e-49 0.223074073933 0.033868955954 1.73082031585e-28 1.18833950974e-15 1.77614265035e-18 2.09009831312e-16 2.0220640947e-114 1.86408339528e-17 6.70147247292e-132 6.55353473291e-79 1.44219407543e-09 0.19769670619 7.58089930414e-08 6.34557149937e-41 0.0209554974545 2.15803860201e-06 5.14065001355e-69 4.91486530638e-25 6.74557599813e-14 0.000205516762324 4.25601995436e-62 1.41144319487e-117 6.75790203734e-13 0.0180701416644 4.25634937707e-52 4.46691113255e-25 0.0346183101095 0.000669785073077 8.05957770966e-42 
0.0193416699444 0.280144978179 6.46578232108e-99 1.92659072597e-23 5.61061786926e-09 2.81752796769e-20 0.0811086233583 0.032935447919 0.00871639807477 0.0116626175191 0.00710291804995 0.0133246352577 7.162168113e-55 2.97265572749e-103 3.51140359339e-114 1.32199816574e-81 0.00468732626471 5.26156870407e-32 5.56559293766e-05 0.000467817244294 0.123440253265 0.343785957138 3.31862201627e-142 8.23954063621e-13 1.36861781335e-227 1.64239564367e-44 1.60987917938e-20 1.04430491744e-36 0.068103332964 2.73003230341e-80 1.39794923542e-16 0.00510521126517 5.76330318603e-114 8.94075667308e-103 1.91810581097e-15 1.13617690616e-08 1.82544035641e-133 1.95850161407e-114 1.8227712592e-32 1.01072797053e-45 3.53274466485e-174 2.6848342436e-87 8.93482574705e-27 1.71406534506e-05 7.47376852832e-143 
3.62686230511e-33 5.51565948204e-50 2.83591707119e-05 6.41894472979e-16 6.45621491893e-75 1.31082624458e-25 1.13910784431e-57 3.33487602319e-41 1.02132346745e-96 1.72345214801e-79 2.11169260135e-107 2.52072378862e-28 0.0202035692883 0.11344757598 1.99004829875e-08 1.17858170643e-05 1.38668890391e-43 2.50913474171e-25 2.08717418408e-21 1.43679065915e-16 4.11328933088e-64 8.50902391042e-41 0.284028728125 8.83751977788e-54 2.75285696026e-06 2.31225803051e-13 1.05200184694e-144 1.23323114595e-17 2.27730818e-54 1.44392520905e-06 0.014101154258 3.97989585544e-40 2.96735512748e-05 0.403293925526 9.70455224242e-23 6.73330299376e-26 0.0232473963133 0.140342889259 1.07595128138e-29 1.18660785017e-59 0.00124365766055 1.08691066975e-05 7.86276848756e-38 5.03961954381e-41 6.19926097537e-06 
1.01193851771e-45 1.06459115295e-37 4.87156706291e-11 3.31919094656e-39 1.06717664292e-55 4.3677750351e-26 2.73224114198e-42 2.45847767477e-15 5.46760025406e-79 2.7518597397e-42 3.31619346638e-48 1.2540468888e-05 0.0498291701695 9.01313840167e-10 1.55478871293e-06 1.11443355231e-12 1.03463416226e-32 2.12251603369e-27 3.44593793461e-14 6.30786746412e-53 1.33031712337e-52 2.97577279266e-36 4.1004161218e-19 1.42459751152e-39 9.36144825998e-05 0.0741182570338 8.58526071273e-78 4.05264925976e-60 2.6995989106e-47 0.000606522491373 4.88318472823e-33 1.31038225217e-49 2.53627796049e-09 0.728525538036 1.37693059786e-27 1.60422986679e-24 0.000124363213979 0.037097397191 3.46385911302e-32 6.0317930267e-45 0.0938173378239 0.0011322277909 3.04584260617e-48 2.72091532759e-44 0.014641473022 
0.0550113680652 1.26049338637e-07 2.77360243464e-130 2.72049658573e-18 3.34782893469e-32 5.98125165349e-25 3.10066679948e-14 3.5543101401e-18 8.26568588884e-10 1.41655509345e-21 6.15511824807e-21 7.90334447745e-19 3.18359555457e-43 6.41001610452e-66 2.12912539958e-108 3.82945046078e-45 2.58315129438e-06 1.1927862891e-31 1.21619836322e-22 3.43206102132e-12 1.57771569535e-12 1.00845529014e-06 3.9819623911e-84 2.33037864703e-12 9.23993039387e-130 7.19997896274e-73 5.18044519492e-44 3.08753469139e-11 0.805867346732 1.94893217234e-51 2.58052659597e-21 5.10122698005e-14 2.08982775381e-75 1.15537572401e-53 5.44647984311e-19 0.138423364149 1.18259095916e-64 2.06799842348e-110 3.12035340858e-17 2.1726548433e-23 1.72941307625e-54 1.35709239569e-72 1.54490809537e-10 0.0006942023781 3.36573137012e-48 
3.09700201102e-07 0.125932389759 1.14539718233e-88 8.44517254827e-07 3.67326994821e-20 5.08695916422e-07 1.21191335308e-09 0.0173934924815 0.0999467145843 1.76012464579e-10 0.46122301619 6.38467280149e-23 8.72670071959e-23 1.50495794161e-45 2.39320109975e-64 2.38720219982e-21 0.270031522167 1.13855368374e-05 4.3912846112e-18 1.33426436491e-11 2.16695166919e-18 6.43569094291e-05 7.8593170037e-58 1.15424779875e-20 9.71435965545e-90 2.99138160524e-64 1.97532494477e-67 2.01439657241e-13 0.00157754088183 2.12471527736e-25 1.58661919312e-24 2.48719766685e-18 1.13794219405e-35 1.34791440314e-18 3.99668617988e-21 0.0238171350203 8.01389173766e-19 2.76964061192e-76 9.83612742659e-19 3.35855246725e-35 5.35457798394e-17 5.40097805689e-35 1.43606061935e-22 7.82153996696e-07 6.48325067249e-20 
3.00138184892e-07 1.50303075869e-27 4.21574681347e-37 6.61119840766e-52 0.0443919671616 1.07814550477e-37 8.67880371009e-70 0.407993850086 3.02048157341e-57 0.163007680414 0.000572609622618 1.40243012333e-26 8.53926208705e-47 3.90702928634e-42 2.17244668489e-47 2.07440452945e-71 1.19780630866e-30 3.07542883897e-55 5.69845208726e-35 5.42806177101e-96 1.14915787038e-47 1.65516004443e-61 9.84182805634e-36 8.29706609926e-21 5.51299389569e-80 4.30487394609e-16 1.35623283308e-112 1.01514094731e-58 1.2073582952e-23 0.301142776765 0.0304579568622 8.95027896764e-14 4.62729953139e-29 2.04381770501e-07 5.42875776042e-16 0.052432653543 4.28328128483e-21 7.75706150564e-49 5.04588852756e-21 1.2485976091e-51 1.02526737438e-09 1.26964826681e-21 9.05017307938e-24 8.5489428306e-34 9.7939454269e-47 
2.0302906518e-74 5.52140950586e-70 0.000441485225727 2.79184299583e-72 4.10974392295e-43 9.57371852549e-55 1.17089447898e-29 9.92852535632e-16 5.49216219676e-64 2.84818227858e-106 6.95247202189e-109 0.0252869849166 3.97106446408e-12 1.79432670152e-12 0.0178850045597 0.0055289104014 2.36242880007e-63 9.23655449774e-69 0.180123196591 9.11346819144e-75 7.85060923333e-94 3.77629740454e-31 0.0108109762811 1.34308588381e-76 1.6693569452e-31 0.00613920169791 2.85089644222e-101 1.06337940628e-23 1.58599032879e-106 0.0206803450255 3.54107827731e-14 4.74472909789e-86 0.00014766871971 4.68641633306e-05 4.45925834157e-17 2.97404067939e-55 9.89595444123e-11 0.0843481356273 1.55710575702e-52 1.17357090811e-92 0.0564681794056 8.68459039439e-08 7.09585533194e-134 1.26944564244e-101 0.592092960434 
5.22691965702e-12 1.30573215329e-14 1.90444569507e-94 1.98603132318e-13 8.81027507004e-14 1.3960427537e-18 7.17133671161e-06 1.14475017053e-23 0.000554576622908 4.39256367804e-10 0.0353407356334 7.68126229754e-18 3.58672438738e-228 2.79700749761e-99 2.20440699306e-110 5.71075680552e-171 0.0141994322911 1.08872106175e-35 2.28310134366e-15 0.262625550944 7.64073930513e-17 4.30984993974e-06 1.93689105016e-142 0.0167888006838 4.6006531984e-233 5.03565827707e-39 0.0419646942014 0.0244083173145 0.25546728962 3.6984902139e-75 8.83744268901e-22 4.78214436556e-33 8.78347355561e-145 7.74464709431e-168 1.10157677108e-14 0.000279570164041 1.26491651255e-191 1.29241067274e-108 8.97229996651e-19 3.75124869476e-50 7.68838967726e-227 2.13060600661e-82 1.04059510922e-07 0.348359446834 4.40167430118e-185 
0.129903140167 0.00115886618825 1.94675149252e-110 1.29870091227e-23 3.80922327713e-09 9.65365610612e-24 0.291506767984 6.88002037139e-09 0.000278221560392 2.20167231666e-16 7.53381690992e-10 1.11299430806e-09 2.61826953407e-191 1.01831872648e-112 1.28427504596e-116 6.37577258967e-181 0.260563817223 2.16427627443e-31 0.189610430732 4.97547070266e-16 3.72762583108e-16 0.000518752395969 1.98484825232e-108 1.46350393262e-15 9.80242098866e-129 9.35672993549e-53 6.40450949011e-43 1.85325489907e-49 0.0141466609047 6.29462334234e-86 5.55209617702e-05 0.0939231220135 6.02937223906e-98 1.00244625624e-110 6.01128710938e-13 3.23096425703e-07 2.51033405728e-70 5.75777262765e-85 4.22229084141e-32 0.018334364217 1.65318426373e-146 9.96951858548e-82 2.13275621538e-31 1.4809495732e-14 4.70993147353e-205 
2.61734397316e-13 1.35607358308e-23 3.49159711885e-13 7.1483869133e-59 6.27766725631e-46 8.04499122454e-32 9.41703976407e-67 0.100374033023 4.31501608963e-102 2.22254809706e-25 1.40211998356e-12 1.85060016784e-20 9.36104602785e-22 1.15794077664e-17 3.9071411726e-11 0.000365010670221 1.90893274885e-11 4.29545638926e-106 3.12271220815e-16 1.13697986193e-97 4.62243228365e-36 5.59953393817e-66 0.0203403999772 7.10327681923e-26 1.44563953296e-75 7.41186646116e-15 1.28004622319e-110 1.61509938525e-63 1.76643727708e-28 0.286187735696 6.39572256808e-53 9.80944532796e-10 6.80347166876e-21 0.0820217157954 1.09604877497e-18 6.30160324409e-10 1.55747149163e-12 1.65492053065e-24 7.85070900184e-49 1.36040865424e-67 0.29176308035 0.1928601412 1.9006249635e-105 6.57109445331e-100 0.0260878816161 
4.78888297257e-06 1.26144847129e-87 1.01159308007e-11 8.1777420739e-05 2.38231901182e-45 9.35330333911e-14 1.86338745439e-52 0.0494055370996 1.07593105878e-100 7.53868398052e-35 0.0086914999836 2.48866500013e-15 5.84563205479e-31 9.14107100665e-18 1.94263220121e-15 2.14410522818e-30 4.77803200593e-49 3.37085610317e-83 5.27782617162e-23 3.49161432732e-79 7.42825938685e-28 6.76164508754e-43 2.29882674362e-42 1.93360082729e-24 0.0121016002367 1.93438233436e-06 3.49801005723e-138 0.00727667299524 4.95824581737e-15 0.132313102288 1.47405396172e-05 0.0420994367451 6.96543581905e-18 0.189935478978 2.53111928187e-07 0.0434249942434 2.99653929296e-09 7.36431116078e-34 1.08494923087e-56 3.78492241065e-59 0.000817656284907 0.513830523801 1.47643082683e-14 4.53531963834e-28 1.64162517642e-29 
1.66118953027e-13 2.09954694344e-33 1.15192330989e-168 1.34338306248e-28 8.49439896631e-37 8.71205159839e-10 0.920142571998 7.31678579375e-24 0.0221910629117 8.17642727504e-44 9.89832967638e-33 3.99423695362e-24 9.23563184406e-73 1.22291374294e-185 2.27894956911e-180 2.79155426571e-130 1.99013191478e-46 1.17051259804e-27 7.15022321407e-07 5.82415627585e-23 0.0121821735195 0.000103534824504 1.1230032849e-226 1.35107860771e-19 4.29311593423e-83 3.22185790672e-123 5.60830816373e-28 6.26311716076e-29 1.28614905829e-22 3.23012911719e-34 1.1455033591e-19 0.000107421137217 1.05690104146e-11 0.00972384598548 1.29776193646e-10 3.33929764415e-12 2.67909462943e-150 3.10129402536e-83 1.16522841983e-11 4.0752238242e-48 1.21265519924e-89 3.29904218897e-68 0.0355486735748 5.02313095689e-14 5.9653069688e-260 
# The emissions
2.33320123222e-21 4.53234132825e-16 0.00857950154251 0.225549541319 4.74915609105e-44 1.08816640848e-19 8.85618057539e-11 3.38323519192e-46 4.91251904141e-28 1.46776966268e-12 1.49570119992e-14 8.6965058522e-08 1.09149046548e-21 9.44888649864e-06 1.32547676029e-30 2.15732102393e-59 0.0 6.64826297256e-06 3.20686587932e-10 0.765854772613 1.20179251849e-45 3.57616887535e-28 0.0 3.04598010987e-72 6.29592702734e-131 0.0 
1.51109300072e-46 6.45578328976e-46 2.92855605228e-31 4.2837710081e-08 1.97260343766e-72 5.69073621052e-86 0.140963951671 8.19015439946e-260 1.72003009238e-101 6.67120159403e-27 3.30921621314e-30 7.5123767545e-20 3.70626011564e-37 0.847895541263 1.49919478665e-50 2.42805649787e-106 0.0 1.85654092161e-19 2.18531857968e-17 0.0111404642289 1.42223396423e-68 2.00219182686e-18 0.0 3.36267798259e-44 0.0 0.0 
4.4303185667e-07 2.6947708752e-45 1.52961111537e-16 1.96060023625e-30 0.999981791014 3.3756313786e-43 6.52865981572e-48 4.49581132405e-52 1.77659473469e-05 7.5173465419e-67 1.63748185155e-24 1.70631651389e-30 3.15972929328e-86 2.20720179684e-55 7.24195679788e-12 1.16485293999e-40 0.0 1.70557103562e-107 2.13025024785e-37 3.70067041725e-17 4.84997139304e-14 4.68535491004e-33 0.0 0.0 1.57336593863e-22 0.0 
5.09337810557e-39 0.259055641165 0.00738972401343 0.0863429360806 1.34581112845e-50 2.44222302807e-21 0.0135928259554 0.0561151607439 1.92931739541e-29 8.75998151776e-09 9.69030411985e-21 4.69551472259e-11 0.502310502303 0.0122109148041 1.74009188015e-57 0.0629822535669 0.0 3.17413544715e-08 8.03481233219e-10 1.62095016329e-13 7.50668133285e-78 1.62483531038e-11 0.0 4.74673404742e-124 2.67570420913e-280 0.0 
3.32600915856e-06 9.63353151105e-34 2.08679028803e-47 1.18639300561e-22 4.14754326382e-27 8.67468899509e-40 3.92631015849e-16 1.24024959946e-05 7.81144279795e-37 8.58264384433e-18 1.54724248745e-11 0.101602686757 9.21821191841e-19 9.6290683288e-21 4.61136897174e-72 7.06720543088e-47 0.0 1.08949529284e-22 0.898381526599 5.81230599533e-08 4.49149085128e-50 1.01149614319e-44 0.0 4.17642592292e-146 6.30135889602e-205 0.0 
0.0291475536412 1.79915365387e-23 8.067519717e-142 0.529736062648 2.02503674399e-08 3.42702887456e-20 5.74227318653e-07 3.89267631425e-53 3.32474301369e-39 6.43938264524e-41 0.255874568345 1.59878229377e-24 6.2824006799e-32 1.04949449421e-44 1.3239742207e-23 9.25975721865e-09 0.0 1.42861870435e-45 1.1341752309e-34 0.185241211628 3.35446509277e-27 8.81482834185e-36 0.0 7.66769140183e-129 1.75453028552e-174 0.0 
1.200839466e-69 9.52657537422e-35 0.0537622253241 8.88887524749e-05 9.63691676034e-91 2.03967241822e-20 2.01996322932e-19 5.77380113633e-49 1.93186053192e-96 0.0175238247313 1.85324063871e-16 0.0738822358901 4.14082744722e-24 7.23144222196e-11 6.27329801228e-171 3.45515824678e-53 0.0 0.85474282523 5.08570253415e-25 2.77467863278e-16 1.26854971519e-84 5.70013756961e-23 0.0 2.14789166484e-92 0.0 0.0 
6.98697900716e-20 1.88295134768e-07 1.31525395104e-57 2.47504799019e-07 5.34364854103e-36 1.27350023452e-38 2.47177735339e-32 3.24853334666e-29 4.15419197251e-38 1.05953761797e-24 5.10350179e-36 0.561457367302 8.82755460946e-24 0.0245128926601 9.53877438909e-38 2.23624607512e-39 0.0 9.08324330875e-19 5.68246124485e-13 0.414029304238 1.02557785714e-49 5.32530278124e-26 0.0 1.28186282002e-144 3.06427073195e-153 0.0 
4.26631027794e-27 1.01832459251e-38 2.72712642378e-60 1.0904610362e-06 3.0134271582e-12 3.45328337357e-42 1.41668721064e-12 4.05104060654e-85 4.87807404879e-62 2.64907471321e-17 2.17649165892e-24 0.999985984758 2.63233766012e-22 1.29245119418e-05 3.38207338477e-29 1.8262415857e-53 0.0 2.63417396506e-10 4.21734187248e-24 2.38160472969e-17 5.56109792184e-117 7.11440341057e-13 0.0 1.03624241176e-56 8.13439414707e-191 0.0 
1.93226032372e-09 7.78788870806e-10 4.29685433122e-11 1.97802006843e-18 2.41882964434e-25 7.45816681856e-13 1.36050792517e-06 1.97430263082e-17 2.36596408149e-29 6.18698945924e-15 0.024693844842 7.72535920559e-15 8.64054747988e-18 1.38760557977e-13 1.96032319581e-23 2.90662441125e-19 0.0 3.73280906171e-12 0.923256004285 0.0483091080444 0.00373967956213 1.12868560885e-24 0.0 2.58352023991e-203 2.4381590694e-104 0.0 
8.49054055476e-14 3.32594472886e-42 0.206586024915 4.53554361356e-11 9.7547837348e-40 2.62092300682e-42 1.99913572584e-21 1.61561391257e-67 3.41467606611e-29 4.68409852677e-31 5.77531590383e-24 5.87919018581e-13 2.62711911364e-27 5.92217046502e-19 4.21801482944e-27 1.15884146716e-45 0.0 6.2100670337e-07 0.793413354032 1.28051940429e-13 1.76899971025e-46 5.48945493233e-21 0.0 8.11765366167e-59 7.40882483746e-164 0.0 
4.95841390286e-16 7.76221576218e-21 2.96393023939e-18 0.0662975322297 5.11993657546e-44 3.83168076946e-28 9.66931706074e-33 9.43577722331e-37 5.93240511528e-32 0.208299911407 0.0325667468777 0.673967783819 0.000486273609758 1.10451986895e-17 1.67098021069e-77 0.0183817445122 0.0 4.77800999845e-12 1.06075126851e-14 3.25835136563e-10 2.48618070614e-52 7.21356763506e-09 0.0 5.03329302025e-122 2.87702961674e-109 0.0 
9.68280058489e-05 4.0890152936e-93 5.79351901275e-55 1.06300157446e-38 7.26324802734e-08 3.63343843116e-82 3.85327962527e-68 3.58689555699e-123 2.5695155697e-20 3.02209979647e-163 3.13424199646e-39 3.50444898792e-62 1.62337441733e-69 6.79619915169e-69 0.761002020126 2.61174399329e-84 0.0 1.93040716627e-107 1.60432165095e-36 3.36865437135e-30 0.238901079235 8.40628393111e-36 0.0 5.3261655657e-188 1.26966320285e-24 0.0 
5.01509996869e-06 2.57123109731e-93 7.15874811436e-164 2.55640661006e-20 0.855988076757 5.01046713312e-55 1.5625511792e-50 5.91024792523e-98 6.83434993867e-10 1.8071630944e-105 8.44795852078e-28 1.57170321897e-41 7.93819217685e-23 1.44100252155e-41 0.144006766518 9.3336997635e-71 0.0 2.0911058734e-92 4.40601449183e-36 1.81164461681e-36 1.4094113376e-07 7.06046003551e-40 0.0 1.51567824148e-150 1.43568019058e-21 0.0 
4.82319233149e-05 4.08838101988e-112 2.38078097848e-126 2.03858345566e-19 0.999951638724 5.34582947993e-45 1.24026851566e-46 2.4273546433e-67 1.56564432225e-19 5.30078782279e-110 1.90865917165e-29 1.38787176422e-42 3.06665354052e-40 8.63076357406e-35 4.85266211237e-17 6.7323610158e-73 0.0 3.73113194518e-66 1.49874285887e-19 1.7650615922e-21 1.29352775466e-07 5.14338564663e-41 0.0 0.0 2.65807364998e-23 0.0 
4.02466688723e-07 2.32328945922e-77 1.57668827033e-144 6.54928901996e-56 2.96224441352e-06 3.07967459124e-77 7.11614465202e-71 8.28877909407e-148 9.15286161219e-21 1.25177276604e-98 2.65509427065e-59 6.47751776555e-56 7.93837233284e-72 1.75163445025e-47 0.866442969963 3.11768449453e-82 0.0 3.52884238065e-88 3.3861650112e-65 5.28405576524e-52 0.133553562439 3.75490748212e-61 0.0 1.63641759569e-246 1.02887220391e-07 0.0 
1.18906341569e-44 1.60932038484e-48 3.96723159246e-63 3.67151023726e-09 6.80099963643e-73 1.67355843132e-26 9.22018128198e-07 0.00585232346397 4.44964602823e-108 4.35604277915e-20 5.4611277151e-07 5.16712707505e-10 4.19428845277e-10 0.966262854205 5.2697735413e-54 3.55643730527e-61 0.0 0.0216064754148 1.14096235983e-20 1.36617513658e-09 9.48549348152e-95 0.00627687281161 0.0 2.57844679898e-44 2.42395320498e-314 0.0 
1.18391659271e-10 0.257827167653 7.15012648834e-69 0.00111873520631 2.72255596347e-19 4.27957729982e-07 0.0503522264448 1.98643403519e-35 1.14105480188e-56 6.76274372506e-06 0.0902553595328 6.65661372933e-29 4.14993567929e-36 2.3106193179e-29 1.0178225218e-10 0.227617830467 0.0 2.08359601107e-26 4.79248128124e-17 6.18698355934e-10 0.372821489156 1.11211951552e-45 0.0 2.61644110317e-49 2.81102132495e-143 0.0 
5.16388811735e-42 1.23859236765e-11 1.02192325463e-55 9.1180429766e-27 6.91958325998e-43 1.90350991429e-22 1.39586468841e-27 1.1328308392e-23 2.09224247758e-54 0.0318311754922 6.89445803207e-44 0.0601767860376 1.03958333433e-21 0.0710123921205 9.46973071555e-51 2.84789025654e-45 0.0 0.836979646337 5.13909494867e-33 5.21179083577e-20 3.16998236754e-52 7.41434207215e-17 0.0 1.67442045601e-57 1.19670969135e-98 0.0 
2.50845739357e-45 0.0410947330887 3.88928648568e-27 5.42374675565e-05 3.86550079611e-74 3.63718857484e-22 3.41661119157e-20 1.19599064883e-25 1.22413836964e-70 6.00363958509e-30 3.36381172423e-21 0.0031769814072 0.906420429099 9.72145345878e-08 1.70297229835e-63 3.39887768968e-34 0.0 6.55394424339e-10 2.68147075362e-11 2.64633307643e-07 2.1747195643e-57 0.049253256407 0.0 9.81842022416e-26 2.7565084758e-203 0.0 
1.96031561512e-57 2.99206005432e-69 3.65567972803e-79 2.81692201189e-07 7.10472540207e-68 5.61740423787e-33 0.734277255104 2.13315471804e-46 1.34878730471e-77 2.81596607054e-18 0.0256551702258 0.0329789586003 4.23530026626e-20 1.35458567848e-07 2.821393489e-99 1.3549559593e-46 0.0 3.25874572585e-13 1.57976966759e-08 0.207088183121 9.10655778483e-100 7.87445684169e-33 0.0 4.56608045818e-108 9.41564797427e-228 0.0 
3.24750825357e-62 3.59205673252e-05 1.40582661888e-35 0.0690447545966 3.31799328446e-56 1.9409170368e-43 0.00702093463348 7.11460682622e-44 1.80714249293e-126 1.61997661003e-09 1.97183641081e-14 5.68318266959e-05 0.0364059602437 0.000389876622509 9.78401892048e-67 5.951537615e-38 0.0 0.864252567431 1.75797263468e-05 0.022775572732 6.33531712852e-74 1.54363461154e-13 0.0 6.20062462894e-66 0.0 0.0 
4.65158807416e-08 5.29140216375e-79 4.56411210423e-157 5.03486616324e-16 8.15766933167e-09 4.15554315873e-90 3.38200002889e-108 1.22811634786e-83 0.934357676867 1.35193594058e-58 7.96034973307e-104 6.08374090863e-75 1.56021538208e-16 1.91898470573e-42 0.0656417432522 4.31773780727e-136 0.0 9.40661364566e-68 3.75912834887e-71 2.35268697471e-40 5.25206875349e-07 2.35367650814e-43 0.0 0.0 2.23837861459e-23 0.0 
7.10936100694e-28 6.05785282102e-40 5.19499200206e-21 3.20918449338e-11 1.26851958045e-39 2.19437208657e-47 0.326065890062 5.84372218418e-87 1.94784580347e-36 0.000189403221509 2.93090326225e-24 4.0123024249e-19 4.60456387401e-19 0.183084818478 6.07050954827e-124 1.98820152714e-24 0.0 2.9974509512e-11 2.6523586646e-30 2.06408109729e-15 1.69267261554e-107 1.78437685636e-24 0.0 0.490659888177 1.23404023627e-175 0.0 
0.00107680906659 2.1508448718e-82 4.29099003956e-75 4.40187371219e-39 1.63294063641e-12 3.49615425699e-25 2.85317851518e-88 2.04719511221e-59 0.949876022361 1.66958972817e-76 3.88718177722e-74 4.16456479105e-47 6.65736618979e-52 1.48297136462e-75 6.05064346901e-24 3.58802236549e-62 0.0 9.34374954179e-72 6.35338168303e-27 4.26443578961e-37 1.07579719239e-27 1.14607232888e-41 0.0 0.0 0.0490471685712 0.0 
2.18258738972e-06 1.05800558287e-77 3.4340429904e-157 9.28250001275e-45 0.999997817411 2.34328507138e-81 6.60087591306e-49 4.22320249118e-101 9.83956750033e-39 2.0297199385e-68 4.79031280723e-55 8.01392332929e-59 6.00876091247e-63 7.09658754634e-43 7.75952736267e-21 3.79656522063e-32 0.0 1.17118716376e-59 1.09953148609e-38 3.33012514185e-33 1.59162294471e-12 3.27237920124e-61 0.0 2.34649028528e-113 1.95805045563e-13 0.0 
8.51802016302e-24 6.84781135953e-59 2.02293199254e-84 1.15272901792e-22 2.266377816e-38 7.02550062324e-48 1.90947651392e-30 2.69404271467e-23 1.11853765334e-61 1.44512486644e-47 1.17319690657e-24 6.05194661449e-31 4.77991744023e-20 0.000258227109909 1.17733579651e-41 0.99974177289 0.0 1.37223200136e-24 8.30792567366e-37 1.87570142442e-24 4.76856787951e-72 7.62046191465e-32 0.0 2.7854906492e-38 2.90765684205e-192 0.0 
1.28506858179e-37 2.62901293843e-28 1.43473819973e-10 5.12246618504e-09 3.07588473458e-42 2.86427479784e-25 3.73910839579e-15 4.8279815346e-10 9.64145063537e-65 3.95813755798e-10 1.2208123718e-05 0.000185553963222 0.0247973001442 2.11533097395e-07 7.44103979416e-40 1.30896056764e-11 0.0 2.20875209166e-17 2.60210191427e-17 3.28641671983e-07 7.05920891311e-89 0.975004391436 0.0 1.79451298585e-58 2.73532092335e-144 0.0 
1.69447911061e-13 2.85286927031e-104 3.80310480772e-160 5.27014864088e-18 2.84010733377e-40 0.105192174897 1.18614103253e-06 4.07795863645e-62 1.53748485761e-55 2.01812326536e-23 0.0593290380419 0.0226092937828 3.01648498789e-05 5.26964932875e-06 2.60577602093e-37 1.7316297395e-55 0.0 4.18026448229e-16 0.392780260545 0.420052612093 5.63484225348e-73 6.08681244396e-39 0.0 1.79736343818e-21 0.0 0.0 
0.915636624802 5.59102064336e-87 7.7068947795e-91 9.82915176955e-19 0.0806202563289 1.88088955396e-70 8.69486761557e-70 1.38239821669e-74 3.65223080405e-06 2.24431709391e-110 6.4628964046e-38 5.54228245319e-69 2.92166513161e-58 2.83531327514e-53 9.15618544353e-14 2.75718554066e-81 0.0 2.06645593705e-89 7.61905955735e-41 1.1983956511e-31 0.00373946663828 5.8483675481e-70 0.0 0.0 1.94836276988e-29 0.0 
0.00793320109858 7.08285613047e-17 2.95558076105e-27 0.00967904040644 2.3602393498e-66 7.61449320601e-07 0.0678568841469 0.430430393684 7.77815198601e-55 0.140699958464 0.289661643514 1.17233344416e-08 9.63273119349e-07 0.0161673118377 5.58177671057e-78 6.55587886799e-12 0.0 0.0374916853439 1.58442914326e-05 6.23007600902e-05 6.3331948858e-100 2.16914653448e-15 0.0 1.3029105664e-64 4.22560195942e-121 0.0 
2.91225029657e-23 1.52956792573e-23 1.24284766909e-42 1.57075868306e-25 2.88709062142e-42 0.0169360985714 1.26286978488e-08 3.12547171197e-12 1.47982711922e-38 1.19033845461e-18 1.11087042991e-17 2.13506465694e-15 1.6556687641e-05 7.78111027377e-07 5.33975891152e-111 3.11903194717e-48 0.0 1.26676314023e-26 5.7289956657e-20 0.983046553998 7.39499967004e-46 2.64790214032e-16 0.0 1.50720115749e-100 8.02476890652e-244 0.0 
0.270128454844 1.54951979393e-80 1.06450058805e-43 3.53594985031e-13 0.0723296815234 2.97485648618e-53 6.41663509257e-70 5.52087195485e-79 0.534633938054 1.90466633332e-88 8.14702165613e-10 3.60986665194e-59 2.72217962373e-80 2.30645139031e-65 2.21126362401e-19 3.12872869873e-87 0.0 3.16314907317e-124 8.01533825116e-32 3.84272088717e-18 0.122907924763 8.36538803042e-65 0.0 0.0 5.32048108865e-32 0.0 
0.987621255499 5.06812483029e-102 2.14233272595e-156 9.83474234966e-19 1.16054051849e-06 6.73171403169e-63 2.02166743058e-86 8.83658840208e-104 1.06397336719e-09 1.32243432302e-125 2.52052294288e-63 2.10441904081e-74 3.11820058581e-27 3.80425080726e-49 2.31807316202e-07 1.12153154411e-91 0.0 2.16495530896e-104 5.3653331615e-44 5.30248460634e-36 0.0123773510891 5.18199606247e-61 0.0 6.50857731893e-294 3.43622950126e-14 0.0 
4.34675938776e-47 0.0739992868696 0.0167054001507 0.0521481127114 4.87687442167e-84 5.16465557406e-08 0.0140368023293 2.00916125321e-05 2.84192862984e-57 2.65951913084e-07 2.73575787633e-20 0.279252554185 0.0462806698804 0.0676082183345 2.69521008496e-104 2.74788797703e-14 0.0 0.0636472792546 1.06964842042e-08 0.217334712273 2.09904202419e-143 0.168966544104 0.0 1.17627859317e-138 6.20675781227e-287 0.0 
1.93284645249e-30 0.0042689434997 1.3406181016e-19 0.29643909242 9.11613403331e-55 1.18433048817e-23 0.000206419442254 2.03501586763e-23 1.08656362035e-26 8.1627308668e-14 4.60811549625e-14 1.58758754207e-07 0.000905015109613 0.662870588676 8.82738210205e-77 7.03004595875e-20 0.0 3.15761052413e-22 1.56584435107e-10 3.15646370159e-06 0.00805671444958 0.0272499110231 0.0 8.69858415884e-57 2.648164943e-263 0.0 
0.369725416292 1.32950469281e-116 2.05598647179e-117 2.64399277525e-49 1.2061277954e-05 3.00128312275e-80 1.80360648705e-51 8.11215352719e-66 0.542381051309 1.22589736341e-67 4.05329019611e-53 3.21238438957e-51 7.89191641251e-55 1.93199777096e-51 7.76114435137e-19 1.58554443287e-130 0.0 1.08866349773e-74 3.89452490164e-43 7.8430935497e-39 5.41860039928e-17 1.22106537182e-40 0.0 3.28661098484e-159 0.0878814711214 0.0 
0.00109838106403 3.80078258031e-92 2.71701408185e-137 1.57905147894e-13 0.117520238225 5.78588411934e-106 2.37544779131e-116 1.57679650046e-114 0.554310377989 1.56751436552e-98 1.76693007581e-81 1.37135923972e-80 1.53690537286e-19 5.35151771048e-51 1.8383922365e-10 1.65334482066e-139 0.0 5.93618079714e-98 1.14798100262e-84 1.57824317204e-53 0.12263547815 7.01877083183e-53 0.0 2.01068831062e-196 0.204435524388 0.0 
0.000155358894223 3.41973144041e-70 2.58499039665e-75 5.82916755398e-11 1.19022472909e-12 4.88547958212e-72 1.0454428949e-16 6.40187343746e-36 0.308943411714 6.58361964038e-12 0.67142895751 4.62383126069e-36 1.11437861949e-25 2.71801432911e-21 7.42294327531e-26 6.64198012282e-60 0.0 1.73957828282e-11 0.0194722711217 6.76239357808e-10 3.54380625145e-46 3.22268041559e-32 0.0 6.09363328795e-217 4.47498478205e-117 0.0 
5.21842955277e-33 0.146968133386 3.4468370982e-32 0.0162572511781 2.37703900671e-28 0.582554123738 0.0725985113637 7.26493927865e-08 2.15106119352e-57 7.06563938492e-09 0.0150030146902 1.11035965418e-25 0.041198109501 0.0140345959017 3.72409261857e-46 0.104090329889 0.0 0.000292707151571 9.78683828762e-07 1.05699918413e-09 6.29991905939e-45 0.00700216374484 0.0 3.16338412555e-114 4.63220707609e-164 0.0 
0.999998022625 2.27736981046e-113 1.31190009586e-152 8.65573239467e-59 2.26095201902e-08 2.08074670657e-75 9.00658475525e-65 3.63241631147e-72 3.32813892882e-15 2.89090264198e-147 2.5466849306e-55 4.03686004524e-56 2.22180703234e-83 1.56911657926e-46 2.62856283067e-09 7.65587902426e-74 0.0 2.96654098568e-100 1.62497468325e-46 2.84098814825e-36 3.69121432598e-07 1.2014557774e-51 0.0 5.41881004969e-285 1.58301512183e-06 0.0 
0.153268025428 2.65363686848e-100 5.62979617878e-103 7.31619521956e-28 0.846731074397 9.42851532276e-97 2.26927615145e-104 1.51329476597e-113 4.55998084421e-18 1.18868283408e-191 2.82260382223e-71 5.73227982872e-84 6.00563870784e-44 1.69868759978e-46 1.82990438301e-12 1.3961175555e-126 0.0 1.15588789555e-121 2.03186337835e-43 1.57516243344e-20 9.00173368789e-07 8.89208219293e-109 0.0 0.0 6.5513921506e-42 0.0 
1.00924715336e-16 6.85508035548e-47 2.90334928998e-40 1.20256094749e-17 7.63481607311e-37 2.48576918587e-42 6.5926004303e-34 0.120831285346 5.57124977825e-36 1.711606268e-23 0.879044758527 1.07786133932e-15 1.20947908327e-16 7.78831994102e-17 5.39713882879e-88 2.90001673075e-35 0.0 5.16549845355e-19 1.49248998045e-11 0.000123956111327 1.00113559886e-85 4.64408385705e-24 0.0 7.14832539916e-86 3.50170391096e-234 0.0 
2.99019839978e-37 3.55290768564e-32 3.02435308337e-46 0.259423188755 4.17236564672e-42 1.07078744493e-50 0.612791761141 0.00455839064728 1.64147776936e-54 4.25607032074e-41 0.12322536857 3.63738658574e-23 1.980916642e-14 1.2285663251e-12 1.82506613901e-35 2.40555521031e-48 0.0 1.55316603762e-39 2.10677854317e-11 1.26615384646e-06 1.80584876319e-21 2.47102818446e-08 0.0 3.03838797189e-34 1.2877546225e-169 0.0 
0.0809675551781 7.89149335208e-78 8.44459704742e-111 2.08797854714e-77 1.31923604195e-06 1.92444420386e-87 1.6146528459e-100 3.52229495654e-122 1.05587125967e-31 1.30511544708e-121 2.17373515637e-70 2.46922694351e-77 4.65397359361e-81 8.05375035858e-62 0.899417329768 4.66270142439e-94 0.0 2.2982667359e-89 2.31162656728e-96 5.39747935394e-63 1.41379405679e-11 1.28616325504e-94 0.0 1.93004141406e-299 0.0196137958033 0.0 
